{
  "bones": [
    {
      "name": "Hips",
      "transform": [
        0.9999549388885498,
        0.0008327203104272485,
        -0.00944476667791605,
        0.0,
        -0.0006229588761925697,
        0.999753475189209,
        0.02219049632549286,
        0.0,
        0.009460915811359882,
        -0.0221836157143116,
        0.9997090697288513,
        0.0,
        0.0,
        0.6678572297096252,
        -0.0022591424640268087,
        1.0
      ]
    },
    {
      "name": "Spine",
      "transform": [
        0.9999998211860657,
        -0.00011468162119854242,
        0.0001355726271867752,
        0.0,
        0.00011936965165659785,
        0.9993837475776672,
        -0.03509826213121414,
        0.0,
        -0.00013146456331014633,
        0.03509826958179474,
        0.9993836879730225,
        0.0,
        -1.4306999219115824e-05,
        0.6908177733421326,
        -0.0017495116917416453,
        1.0
      ]
    },
    {
      "name": "Chest",
      "transform": [
        0.9999998211860657,
        -2.991555447806604e-08,
        -2.3467873688787222e-07,
        0.0,
        1.0113581083714962e-09,
        0.992299497127533,
        -0.12386095523834229,
        0.0,
        2.3601751308888197e-07,
        0.12386095523834229,
        0.9922995567321777,
        0.0,
        1.5652403817512095e-09,
        0.8106116652488708,
        -0.005956660490483046,
        1.0
      ]
    },
    {
      "name": "Neck",
      "transform": [
        0.9999998211860657,
        -3.5415541610461787e-09,
        -2.35858536257183e-07,
        0.0,
        1.8906884946545688e-09,
        0.999964714050293,
        -0.008382849395275116,
        0.0,
        2.3527871917394805e-07,
        0.008382856845855713,
        0.999964714050293,
        0.0,
        1.7152507192363942e-09,
        0.9577957391738892,
        -0.02432849071919918,
        1.0
      ]
    },
    {
      "name": "Head",
      "transform": [
        0.9999998211860657,
        2.8499822946059794e-08,
        -2.335228401761924e-07,
        0.0,
        2.344016536426352e-09,
        0.9915117025375366,
        0.13001637160778046,
        0.0,
        2.3460550835352478e-07,
        -0.13001637160778046,
        0.9915117025375366,
        0.0,
        1.8289506575897008e-09,
        1.0179306268692017,
        -0.02483261004090309,
        1.0
      ]
    },
    {
      "name": "LeftEye",
      "transform": [
        0.9999380707740784,
        -0.007858294993638992,
        0.00785856880247593,
        0.0,
        0.007858535274863243,
        0.999968945980072,
        8.940696716308594e-08,
        0.0,
        -0.007858325727283955,
        6.16610050201416e-05,
        0.9999688863754272,
        0.0,
        0.025719352066516876,
        1.0483424663543701,
        0.02007978782057762,
        1.0
      ]
    },
    {
      "name": "RightEye",
      "transform": [
        0.9999380707740784,
        0.00785835087299347,
        -0.007858571596443653,
        0.0,
        -0.007858592085540295,
        0.999968945980072,
        8.940696716308594e-08,
        0.0,
        0.007858327589929104,
        6.16610050201416e-05,
        0.9999688863754272,
        0.0,
        -0.025719352066516876,
        1.0483424663543701,
        0.020079784095287323,
        1.0
      ]
    },
    {
      "name": "shoulder.L",
      "transform": [
        0.006543953437358141,
        -0.01670227199792862,
        -0.9998389482498169,
        0.0,
        0.9938827157020569,
        -0.11012374609708786,
        0.00834458228200674,
        0.0,
        -0.11024537682533264,
        -0.993777334690094,
        0.01587943732738495,
        0.0,
        0.03383905813097954,
        0.9333725571632385,
        -0.028482936322689056,
        1.0
      ]
    },
    {
      "name": "upper_arm.L",
      "transform": [
        -0.012090420350432396,
        -0.037667304277420044,
        -0.9992170333862305,
        0.0,
        0.999372661113739,
        -0.03371863067150116,
        -0.010821216739714146,
        0.0,
        -0.03328460454940796,
        -0.9987211227416992,
        0.03805132955312729,
        0.0,
        0.08061309903860092,
        0.9281898736953735,
        -0.0280902236700058,
        1.0
      ]
    },
    {
      "name": "lower_arm.L",
      "transform": [
        0.05973245948553085,
        -0.057574205100536346,
        -0.9965527057647705,
        0.0,
        0.9982131123542786,
        0.0017662812024354935,
        0.0597299225628376,
        0.0,
        -0.0016786828637123108,
        -0.9983396530151367,
        0.057576801627874374,
        0.0,
        0.273719847202301,
        0.9216744303703308,
        -0.03018118254840374,
        1.0
      ]
    },
    {
      "name": "hand.L",
      "transform": [
        0.07993750274181366,
        -0.005783211439847946,
        -0.9967830181121826,
        0.0,
        0.9958208203315735,
        -0.04385140910744667,
        0.08011472970247269,
        0.0,
        -0.04417363554239273,
        -0.9990212321281433,
        0.0022536441683769226,
        0.0,
        0.4612828493118286,
        0.922006368637085,
        -0.01895800232887268,
        1.0
      ]
    },
    {
      "name": "Index Proximal.L",
      "transform": [
        -0.07072246819734573,
        0.0802842527627945,
        -0.9942597150802612,
        0.0,
        0.9955752491950989,
        -0.05614783987402916,
        -0.07534977793693542,
        0.0,
        -0.06187492236495018,
        -0.9951891303062439,
        -0.07595810294151306,
        0.0,
        0.519288957118988,
        0.9245215058326721,
        0.005460111424326897,
        1.0
      ]
    },
    {
      "name": "Index Intermediate.L",
      "transform": [
        -0.09061763435602188,
        0.0630192756652832,
        -0.9938895106315613,
        0.0,
        0.9936181902885437,
        -0.06159040704369545,
        -0.09449803829193115,
        0.0,
        -0.06716924905776978,
        -0.9961097240447998,
        -0.05703593045473099,
        0.0,
        0.5410500168800354,
        0.923294186592102,
        0.0038131389301270247,
        1.0
      ]
    },
    {
      "name": "Index Distal.L",
      "transform": [
        -0.12284427881240845,
        0.08119133114814758,
        -0.9890987277030945,
        0.0,
        0.9896423816680908,
        -0.06457526236772537,
        -0.12821240723133087,
        0.0,
        -0.07428104430437088,
        -0.9946040511131287,
        -0.07241768389940262,
        0.0,
        0.5576431751251221,
        0.9222656488418579,
        0.002235044026747346,
        1.0
      ]
    },
    {
      "name": "Index Distal.L.001",
      "transform": [
        0.08119230717420578,
        0.000576704740524292,
        0.9966977834701538,
        0.0,
        0.9963148832321167,
        -0.027797095477581024,
        -0.08114496618509293,
        0.0,
        0.027658473700284958,
        0.9996130466461182,
        -0.0028314590454101563,
        0.0,
        0.573721170425415,
        0.9212164878845215,
        0.0001520554069429636,
        1.0
      ]
    },
    {
      "name": "Thumb Proximal.L",
      "transform": [
        0.4623686671257019,
        0.8842713832855225,
        -0.06541652977466583,
        0.0,
        0.7417356967926025,
        -0.3453039526939392,
        0.5749725699424744,
        0.0,
        0.48584339022636414,
        -0.3143710196018219,
        -0.8155531287193298,
        0.0,
        0.46950671076774597,
        0.9181470274925232,
        -0.0025785304605960846,
        1.0
      ]
    },
    {
      "name": "Thumb Intermediate.L",
      "transform": [
        0.25351524353027344,
        0.9633819460868835,
        0.08732116222381592,
        0.0,
        0.7584505677223206,
        -0.2539895474910736,
        0.6002014875411987,
        0.0,
        0.6004023551940918,
        -0.08593142032623291,
        -0.7950677275657654,
        0.0,
        0.4852893352508545,
        0.9107997417449951,
        0.009655693545937538,
        1.0
      ]
    },
    {
      "name": "Thumb Distal.L",
      "transform": [
        0.12583455443382263,
        0.9918141961097717,
        0.021670937538146973,
        0.0,
        0.7697041630744934,
        -0.1113896295428276,
        0.6286072731018066,
        0.0,
        0.6258761882781982,
        -0.0624203085899353,
        -0.7774203419685364,
        0.0,
        0.500235378742218,
        0.9057946801185608,
        0.021483253687620163,
        1.0
      ]
    },
    {
      "name": "Thumb Distal.L.001",
      "transform": [
        -0.6452286839485168,
        -0.002858199179172516,
        0.763983964920044,
        0.0,
        0.763970136642456,
        0.00470768241211772,
        0.645234227180481,
        0.0,
        -0.0054407380521297455,
        0.9999845623970032,
        -0.000853903591632843,
        0.0,
        0.516930103302002,
        0.9033786058425903,
        0.03511764854192734,
        1.0
      ]
    },
    {
      "name": "Middle Proximal.L",
      "transform": [
        -0.03453278914093971,
        -0.02886846661567688,
        -0.9989863634109497,
        0.0,
        0.9984950423240662,
        -0.043612509965896606,
        -0.03325546532869339,
        0.0,
        -0.042608246207237244,
        -0.9986311793327332,
        0.030331050977110863,
        0.0,
        0.5172639489173889,
        0.9245805740356445,
        -0.007316933944821358,
        1.0
      ]
    },
    {
      "name": "Middle Intermediate.L",
      "transform": [
        -0.028957419097423553,
        -0.00629529170691967,
        -0.999560534954071,
        0.0,
        0.9956042766571045,
        -0.08929000794887543,
        -0.028280414640903473,
        0.0,
        -0.08907273411750793,
        -0.9959856271743774,
        0.008853204548358917,
        0.0,
        0.5410277247428894,
        0.9235427379608154,
        -0.00810841005295515,
        1.0
      ]
    },
    {
      "name": "Middle Distal.L",
      "transform": [
        -0.042939215898513794,
        -0.040263958275318146,
        -0.9982657432556152,
        0.0,
        0.996989905834198,
        -0.06629130244255066,
        -0.040210507810115814,
        0.0,
        -0.064557284116745,
        -0.9969874620437622,
        0.04298922419548035,
        0.0,
        0.5596958994865417,
        0.9218685030937195,
        -0.008638683706521988,
        1.0
      ]
    },
    {
      "name": "Middle Distal.L.001",
      "transform": [
        0.03336499258875847,
        -0.0001306571066379547,
        0.9994428157806396,
        0.0,
        0.9983016848564148,
        -0.0477759912610054,
        -0.033333104103803635,
        0.0,
        0.047753721475601196,
        0.9988580942153931,
        -0.0014635957777500153,
        0.0,
        0.5761974453926086,
        0.9207713007926941,
        -0.009304219856858253,
        1.0
      ]
    },
    {
      "name": "Ring Proximal.L",
      "transform": [
        -0.0010417434386909008,
        -0.06038746237754822,
        -0.9981743097305298,
        0.0,
        0.9958131909370422,
        -0.09130224585533142,
        0.004484335891902447,
        0.0,
        -0.09140635281801224,
        -0.9939903020858765,
        0.06022971123456955,
        0.0,
        0.5154233574867249,
        0.9249447584152222,
        -0.018915928900241852,
        1.0
      ]
    },
    {
      "name": "Ring Intermediate.L",
      "transform": [
        -0.000440491596236825,
        -0.08853224664926529,
        -0.9960729479789734,
        0.0,
        0.9936317205429077,
        -0.11227115988731384,
        0.009539410471916199,
        0.0,
        -0.11267483979463577,
        -0.9897255301475525,
        0.08801788836717606,
        0.0,
        0.5347760319709778,
        0.9231703281402588,
        -0.018828775733709335,
        1.0
      ]
    },
    {
      "name": "Ring Distal.L",
      "transform": [
        0.005237287376075983,
        -0.0927894338965416,
        -0.9956716895103455,
        0.0,
        0.9959360361099243,
        -0.08903805166482925,
        0.01353639829903841,
        0.0,
        -0.08990871906280518,
        -0.9916961789131165,
        0.09194600582122803,
        0.0,
        0.5507434606552124,
        0.9213662147521973,
        -0.018675491213798523,
        1.0
      ]
    },
    {
      "name": "Ring Distal.L.001",
      "transform": [
        -0.014292515814304352,
        -0.0010747238993644714,
        0.9998970031738281,
        0.0,
        0.9967448711395264,
        -0.07936467230319977,
        0.014162170700728893,
        0.0,
        0.07934128493070602,
        0.9968445301055908,
        0.0022056028246879578,
        0.0,
        0.5659424662590027,
        0.9200073480606079,
        -0.01846889778971672,
        1.0
      ]
    },
    {
      "name": "Little Proximal.L",
      "transform": [
        0.08146832138299942,
        -0.05036782845854759,
        -0.9954022765159607,
        0.0,
        0.9886204600334167,
        -0.12263695895671844,
        0.0871187224984169,
        0.0,
        -0.12646113336086273,
        -0.9911725521087646,
        0.03980361297726631,
        0.0,
        0.5136067271232605,
        0.9238421320915222,
        -0.03069452941417694,
        1.0
      ]
    },
    {
      "name": "Little Intermediate.L",
      "transform": [
        0.09678643196821213,
        -0.024054868146777153,
        -0.9950143694877625,
        0.0,
        0.9879328608512878,
        -0.11913297325372696,
        0.09897765517234802,
        0.0,
        -0.12091993540525436,
        -0.9925868511199951,
        0.01223410852253437,
        0.0,
        0.527393102645874,
        0.9221319556236267,
        -0.029479650780558586,
        1.0
      ]
    },
    {
      "name": "Little Distal.L",
      "transform": [
        0.11403730511665344,
        -0.032257284969091415,
        -0.9929525256156921,
        0.0,
        0.9842789769172668,
        -0.1320183128118515,
        0.1173299103975296,
        0.0,
        -0.134872704744339,
        -0.9907222390174866,
        0.01669512502849102,
        0.0,
        0.5389518737792969,
        0.9207381010055542,
        -0.028321608901023865,
        1.0
      ]
    },
    {
      "name": "Little Distal.L.001",
      "transform": [
        -0.09454077482223511,
        -0.0018956288695335388,
        0.9955191612243652,
        0.0,
        0.9902445077896118,
        -0.10300415009260178,
        0.09384369105100632,
        0.0,
        0.10236470401287079,
        0.9946790337562561,
        0.011615248396992683,
        0.0,
        0.5499212145805359,
        0.9192668199539185,
        -0.02701401710510254,
        1.0
      ]
    },
    {
      "name": "shoulder.R",
      "transform": [
        0.006544006988406181,
        0.016702353954315186,
        0.9998390674591064,
        0.0,
        -0.9938827157020569,
        -0.11012327671051025,
        0.008344638161361217,
        0.0,
        0.11024491488933563,
        -0.993777334690094,
        0.015879526734352112,
        0.0,
        -0.03383905813097954,
        0.9333725571632385,
        -0.028482932597398758,
        1.0
      ]
    },
    {
      "name": "upper_arm.R",
      "transform": [
        -0.012090342119336128,
        0.03766726329922676,
        0.99921715259552,
        0.0,
        -0.9993726015090942,
        -0.033718161284923553,
        -0.010821159929037094,
        0.0,
        0.03328414261341095,
        -0.9987210631370544,
        0.038051292300224304,
        0.0,
        -0.08061309903860092,
        0.9281898736953735,
        -0.02809021808207035,
        1.0
      ]
    },
    {
      "name": "lower_arm.R",
      "transform": [
        0.05973253399133682,
        0.05757412314414978,
        0.9965528249740601,
        0.0,
        -0.9982128739356995,
        0.0017667580395936966,
        0.05972997471690178,
        0.0,
        0.0016782097518444061,
        -0.9983395338058472,
        0.05757676064968109,
        0.0,
        -0.27371981739997864,
        0.9216744899749756,
        -0.030181163921952248,
        1.0
      ]
    },
    {
      "name": "hand.R",
      "transform": [
        0.07993756979703903,
        0.0057831332087516785,
        0.9967831969261169,
        0.0,
        -0.9958205819129944,
        -0.04385093227028847,
        0.08011478930711746,
        0.0,
        0.044173162430524826,
        -0.9990211725234985,
        0.002253599464893341,
        0.0,
        -0.46128275990486145,
        0.9220065474510193,
        -0.01895797625184059,
        1.0
      ]
    },
    {
      "name": "Index Proximal.R",
      "transform": [
        -0.07072239369153976,
        -0.0802842378616333,
        0.9942598938941956,
        0.0,
        -0.9955750107765198,
        -0.056147366762161255,
        -0.07534974813461304,
        0.0,
        0.061874449253082275,
        -0.9951890707015991,
        -0.07595816254615784,
        0.0,
        -0.5192888975143433,
        0.9245217442512512,
        0.005460135638713837,
        1.0
      ]
    },
    {
      "name": "Index Intermediate.R",
      "transform": [
        -0.09061753004789352,
        -0.06301924586296082,
        0.9938896894454956,
        0.0,
        -0.9936178922653198,
        -0.061589907854795456,
        -0.09449798613786697,
        0.0,
        0.06716874986886978,
        -0.9961097240447998,
        -0.05703597515821457,
        0.0,
        -0.5410498976707458,
        0.9232944250106812,
        0.0038131610490381718,
        1.0
      ]
    },
    {
      "name": "Index Distal.R",
      "transform": [
        -0.1228441372513771,
        -0.0811912938952446,
        0.9890989065170288,
        0.0,
        -0.9896420240402222,
        -0.06457476317882538,
        -0.12821230292320251,
        0.0,
        0.07428053766489029,
        -0.9946039915084839,
        -0.07241775095462799,
        0.0,
        -0.5576430559158325,
        0.9222659468650818,
        0.0022350777871906757,
        1.0
      ]
    },
    {
      "name": "Index Distal.R.001",
      "transform": [
        0.08119194954633713,
        -0.0005755424499511719,
        -0.9966979622840881,
        0.0,
        -0.9963145852088928,
        -0.027796365320682526,
        -0.08114469051361084,
        0.0,
        -0.027657847851514816,
        0.9996129870414734,
        -0.00283021479845047,
        0.0,
        -0.5737210512161255,
        0.9212167859077454,
        0.00015209615230560303,
        1.0
      ]
    },
    {
      "name": "Thumb Proximal.R",
      "transform": [
        0.46236807107925415,
        -0.8842715620994568,
        0.06541664153337479,
        0.0,
        -0.7417358160018921,
        -0.34530356526374817,
        0.5749728083610535,
        0.0,
        -0.4858434796333313,
        -0.3143708407878876,
        -0.8155532479286194,
        0.0,
        -0.4695066213607788,
        0.9181472063064575,
        -0.002578508108854294,
        1.0
      ]
    },
    {
      "name": "Thumb Intermediate.R",
      "transform": [
        0.2535146474838257,
        -0.9633821249008179,
        -0.08732107281684875,
        0.0,
        -0.7584506869316101,
        -0.2539891302585602,
        0.6002016067504883,
        0.0,
        -0.6004022359848022,
        -0.08593116700649261,
        -0.7950679659843445,
        0.0,
        -0.48528924584388733,
        0.9107999205589294,
        0.009655680507421494,
        1.0
      ]
    },
    {
      "name": "Thumb Distal.R",
      "transform": [
        0.1258338987827301,
        -0.991814374923706,
        -0.021670853719115257,
        0.0,
        -0.7697041630744934,
        -0.11138912290334702,
        0.628607451915741,
        0.0,
        -0.6258761286735535,
        -0.06241999566555023,
        -0.7774205803871155,
        0.0,
        -0.5002352595329285,
        0.9057949185371399,
        0.021483249962329865,
        1.0
      ]
    },
    {
      "name": "Thumb Distal.R.001",
      "transform": [
        -0.6452284455299377,
        0.0028585493564605713,
        -0.7639840841293335,
        0.0,
        -0.7639697194099426,
        0.004708223510533571,
        0.6452339291572571,
        0.0,
        0.005441434681415558,
        0.9999845027923584,
        -0.0008540153503417969,
        0.0,
        -0.5169299840927124,
        0.9033789038658142,
        0.03511761128902435,
        1.0
      ]
    },
    {
      "name": "Middle Proximal.R",
      "transform": [
        -0.03453265503048897,
        0.02886844240128994,
        0.998986542224884,
        0.0,
        -0.9984948039054871,
        -0.043612040579319,
        -0.03325539827346802,
        0.0,
        0.04260779544711113,
        -0.9986311197280884,
        0.03033101186156273,
        0.0,
        -0.5172638893127441,
        0.9245808124542236,
        -0.007316910661756992,
        1.0
      ]
    },
    {
      "name": "Middle Intermediate.R",
      "transform": [
        -0.028957312926650047,
        0.006295258179306984,
        0.9995607137680054,
        0.0,
        -0.9956040978431702,
        -0.08928950130939484,
        -0.02828037180006504,
        0.0,
        0.08907224237918854,
        -0.9959856271743774,
        0.00885314866900444,
        0.0,
        -0.5410277247428894,
        0.9235429167747498,
        -0.008108382113277912,
        1.0
      ]
    },
    {
      "name": "Middle Distal.R",
      "transform": [
        -0.04293908178806305,
        0.040263935923576355,
        0.9982659220695496,
        0.0,
        -0.9969897270202637,
        -0.06629078835248947,
        -0.040210455656051636,
        0.0,
        0.0645567923784256,
        -0.9969874620437622,
        0.042989179491996765,
        0.0,
        -0.5596958994865417,
        0.921868622303009,
        -0.008638654835522175,
        1.0
      ]
    },
    {
      "name": "Middle Distal.R.001",
      "transform": [
        0.03336534649133682,
        0.00013047456741333008,
        -0.999442994594574,
        0.0,
        -0.9983013868331909,
        -0.047775451093912125,
        -0.03333350643515587,
        0.0,
        -0.04775320738554001,
        0.9988579750061035,
        -0.001463770866394043,
        0.0,
        -0.5761974453926086,
        0.9207714200019836,
        -0.009304195642471313,
        1.0
      ]
    },
    {
      "name": "Ring Proximal.R",
      "transform": [
        -0.0010416042059659958,
        0.06038742512464523,
        0.9981744885444641,
        0.0,
        -0.9958129525184631,
        -0.09130174666643143,
        0.00448440108448267,
        0.0,
        0.09140586107969284,
        -0.9939903020858765,
        0.060229673981666565,
        0.0,
        -0.5154233574867249,
        0.9249449372291565,
        -0.018915900960564613,
        1.0
      ]
    },
    {
      "name": "Ring Intermediate.R",
      "transform": [
        -0.00044035445898771286,
        0.08853219449520111,
        0.9960731863975525,
        0.0,
        -0.9936315417289734,
        -0.11227067559957504,
        0.009539460763335228,
        0.0,
        0.11267436295747757,
        -0.9897255897521973,
        0.08801785111427307,
        0.0,
        -0.5347760915756226,
        0.9231705665588379,
        -0.018828755244612694,
        1.0
      ]
    },
    {
      "name": "Ring Distal.R",
      "transform": [
        0.005237424746155739,
        0.09278939664363861,
        0.9956719875335693,
        0.0,
        -0.9959357976913452,
        -0.08903755247592926,
        0.01353644859045744,
        0.0,
        0.08990824222564697,
        -0.991696298122406,
        0.09194598346948624,
        0.0,
        -0.550743579864502,
        0.9213663935661316,
        -0.018675461411476135,
        1.0
      ]
    },
    {
      "name": "Ring Distal.R.001",
      "transform": [
        -0.014292676001787186,
        0.001074761152267456,
        -0.999897301197052,
        0.0,
        -0.9967446327209473,
        -0.07936414331197739,
        0.01416228897869587,
        0.0,
        -0.07934077084064484,
        0.9968446493148804,
        0.0022056549787521362,
        0.0,
        -0.5659425854682922,
        0.9200075268745422,
        -0.01846887916326523,
        1.0
      ]
    },
    {
      "name": "Little Proximal.R",
      "transform": [
        0.08146839588880539,
        0.050367746502161026,
        0.9954025149345398,
        0.0,
        -0.9886203408241272,
        -0.12263649702072144,
        0.08711876720190048,
        0.0,
        0.12646064162254333,
        -0.9911724925041199,
        0.03980357572436333,
        0.0,
        -0.5136066675186157,
        0.9238422513008118,
        -0.03069451078772545,
        1.0
      ]
    },
    {
      "name": "Little Intermediate.R",
      "transform": [
        0.0967865064740181,
        0.02405477873980999,
        0.9950146079063416,
        0.0,
        -0.9879326224327087,
        -0.11913248896598816,
        0.0989777073264122,
        0.0,
        0.12091942876577377,
        -0.9925867915153503,
        0.01223406009376049,
        0.0,
        -0.5273930430412292,
        0.9221320748329163,
        -0.029479632154107094,
        1.0
      ]
    },
    {
      "name": "Little Distal.R",
      "transform": [
        0.11403736472129822,
        0.032257191836833954,
        0.992952823638916,
        0.0,
        -0.9842788577079773,
        -0.1320178359746933,
        0.11732995510101318,
        0.0,
        0.1348722130060196,
        -0.9907222390174866,
        0.016695084050297737,
        0.0,
        -0.5389518141746521,
        0.9207382798194885,
        -0.02832159772515297,
        1.0
      ]
    },
    {
      "name": "Little Distal.R.001",
      "transform": [
        -0.09454083442687988,
        0.0018973909318447113,
        -0.9955192804336548,
        0.0,
        -0.9902440905570984,
        -0.10300378501415253,
        0.09384356439113617,
        0.0,
        -0.10236421972513199,
        0.9946790337562561,
        0.011616978794336319,
        0.0,
        -0.5499211549758911,
        0.9192669987678528,
        -0.027014007791876793,
        1.0
      ]
    },
    {
      "name": "upper_leg.L",
      "transform": [
        0.9999248385429382,
        -0.010266592726111412,
        -0.006554736755788326,
        0.0,
        -0.00990039948374033,
        -0.9985105991363525,
        0.05364779010415077,
        0.0,
        -0.007095494773238897,
        -0.053576916456222534,
        -0.9985008835792542,
        0.0,
        0.05884478613734245,
        0.6075298190116882,
        -0.0009412437211722136,
        1.0
      ]
    },
    {
      "name": "lower_leg.L",
      "transform": [
        0.998569667339325,
        -0.0530657134950161,
        -0.006387804634869099,
        0.0,
        -0.05344628915190697,
        -0.9902219772338867,
        -0.1288459450006485,
        0.0,
        0.0005124914459884167,
        0.12901191413402557,
        -0.9916063547134399,
        0.0,
        0.056283190846443176,
        0.3491787016391754,
        0.0129393944516778,
        1.0
      ]
    },
    {
      "name": "foot.L",
      "transform": [
        0.9981257319450378,
        -0.004330249037593603,
        -0.06102472543716431,
        0.0,
        0.04485363885760307,
        -0.6265742778778076,
        0.7780430316925049,
        0.0,
        -0.0416068434715271,
        -0.7793492674827576,
        -0.6251799464225769,
        0.0,
        0.04099234193563461,
        0.06587859988212585,
        -0.0239231176674366,
        1.0
      ]
    },
    {
      "name": "toe.L",
      "transform": [
        -0.9970898032188416,
        -0.020945286378264427,
        0.07328464835882187,
        0.0,
        0.0738833099603653,
        -0.029290109872817993,
        0.9967992305755615,
        0.0,
        -0.01873244345188141,
        0.9993510246276855,
        0.030747324228286743,
        0.0,
        0.04547704756259918,
        0.003230370581150055,
        0.05386978015303612,
        1.0
      ]
    },
    {
      "name": "upper_leg.R",
      "transform": [
        0.9999248385429382,
        0.010295018553733826,
        0.006552884355187416,
        0.0,
        0.009928854182362556,
        -0.9985101222991943,
        0.053651534020900726,
        0.0,
        0.007095190696418285,
        -0.05358034372329712,
        -0.9984983801841736,
        0.0,
        -0.05884477123618126,
        0.6075298190116882,
        -0.0009412441868335009,
        1.0
      ]
    },
    {
      "name": "lower_leg.R",
      "transform": [
        0.9985684156417847,
        0.05309409648180008,
        0.006385797169059515,
        0.0,
        0.053474172949790955,
        -0.9902206659317017,
        -0.12884220480918884,
        0.0,
        -0.0005179778672754765,
        0.12900860607624054,
        -0.9916043281555176,
        0.0,
        -0.05627581477165222,
        0.3491787612438202,
        0.012940367683768272,
        1.0
      ]
    },
    {
      "name": "foot.R",
      "transform": [
        0.9981259107589722,
        0.004358879290521145,
        0.06102265790104866,
        0.0,
        -0.04483436793088913,
        -0.6265718936920166,
        0.7780442237854004,
        0.0,
        0.04162776470184326,
        -0.779350757598877,
        -0.6251747012138367,
        0.0,
        -0.04097698628902435,
        0.06587904691696167,
        -0.023921074345707893,
        1.0
      ]
    },
    {
      "name": "toe.R",
      "transform": [
        -0.9970906972885132,
        0.020916864275932312,
        -0.07328259199857712,
        0.0,
        -0.07388051599264145,
        -0.02928858995437622,
        0.9967969655990601,
        0.0,
        0.01870431751012802,
        0.9993515014648438,
        0.030743300914764404,
        0.0,
        -0.045459773391485214,
        0.003230959177017212,
        0.053872063755989075,
        1.0
      ]
    }
  ]
}