{
  "bones": [
    {
      "anchor": "",
      "length": 0.0,
      "name": "Hips",
      "transform": [
        0.9999998211860657,
        -1.7171430943818677e-11,
        -4.676744547182921e-10,
        0.0,
        2.1827891924508513e-11,
        0.9999502897262573,
        0.009958459064364433,
        0.0,
        4.674801656889827e-10,
        -0.009958459064364433,
        0.9999502897262573,
        0.0,
        1.2762841894442545e-09,
        0.8455910682678223,
        -1.3731801118410658e-07,
        1.0
      ]
    },
    {
      "anchor": "Marker_F2",
      "length": 0.0,
      "name": "Spine",
      "transform": [
        0.9999998211860657,
        5.557226359087508e-07,
        1.621592127776239e-05,
        0.0,
        1.3771060736189611e-08,
        0.9993836879730225,
        -0.03509829193353653,
        0.0,
        -1.6225432773353532e-05,
        0.03509829193353653,
        0.9993837475776672,
        0.0,
        1.2783283320771943e-09,
        0.9673411250114441,
        -0.0024498184211552143,
        1.0
      ]
    },
    {
      "anchor": "Marker_F2",
      "length": 0.0,
      "name": "Chest",
      "transform": [
        0.9999998211860657,
        -3.0070566481299466e-08,
        -2.3494249035138637e-07,
        0.0,
        7.386233846773393e-10,
        0.9922995567321777,
        -0.12386099994182587,
        0.0,
        2.3685788619332016e-07,
        0.12386099994182587,
        0.9922996163368225,
        0.0,
        3.5736462677959935e-09,
        1.1350866556167603,
        -0.008341027423739433,
        1.0
      ]
    },
    {
      "anchor": "Marker_H1",
      "length": 0.0,
      "name": "Neck",
      "transform": [
        0.9999998211860657,
        -3.7279752618246675e-09,
        -2.3612963673258491e-07,
        0.0,
        1.7482193470641505e-09,
        0.999964714050293,
        -0.008382901549339294,
        0.0,
        2.3615257305209525e-07,
        0.008382908999919891,
        0.9999648332595825,
        0.0,
        3.7244116679602257e-09,
        1.3873087167739868,
        -0.0340668149292469,
        1.0
      ]
    },
    {
      "anchor": "",
      "length": 0.0,
      "name": "Head",
      "transform": [
        0.9999998211860657,
        6.034752431105517e-08,
        -2.2363147422765906e-07,
        0.0,
        5.098264921343798e-09,
        0.959496259689331,
        0.28172093629837036,
        0.0,
        2.3157477357926837e-07,
        -0.281720906496048,
        0.9594963788986206,
        0.0,
        3.8716270189809165e-09,
        1.4715145826339722,
        -0.034772731363773346,
        1.0
      ]
    },
    {
      "anchor": "",
      "length": 0.0,
      "name": "LeftEye",
      "transform": [
        0.9999338388442993,
        -0.00839510653167963,
        0.007858537137508392,
        0.0,
        0.008395363576710224,
        0.999964714050293,
        2.9802322387695313e-08,
        0.0,
        -0.007858259603381157,
        6.598234176635742e-05,
        0.9999691843986511,
        0.0,
        0.03847455233335495,
        1.467977523803711,
        0.028117448091506958,
        1.0
      ]
    },
    {
      "anchor": "",
      "length": 0.0,
      "name": "LeftEye_end",
      "transform": [
        0.9999338388442993,
        -0.00839510653167963,
        0.007858537137508392,
        0.0,
        0.008395363576710224,
        0.999964714050293,
        2.9802322387695313e-08,
        0.0,
        -0.007858259603381157,
        6.598234176635742e-05,
        0.9999691843986511,
        0.0,
        0.03918025270104408,
        1.552032709121704,
        0.028117449954152107,
        1.0
      ]
    },
    {
      "anchor": "",
      "length": 0.0,
      "name": "RightEye",
      "transform": [
        0.9999338388442993,
        0.008395095355808735,
        -0.007858610711991787,
        0.0,
        -0.008395352400839329,
        0.999964714050293,
        2.9802322387695313e-08,
        0.0,
        0.007858333177864552,
        6.598234176635742e-05,
        0.9999691843986511,
        0.0,
        -0.03847455233335495,
        1.467977523803711,
        0.028117448091506958,
        1.0
      ]
    },
    {
      "anchor": "",
      "length": 0.0,
      "name": "RightEye_end",
      "transform": [
        0.9999338388442993,
        0.008395095355808735,
        -0.007858610711991787,
        0.0,
        -0.008395352400839329,
        0.999964714050293,
        2.9802322387695313e-08,
        0.0,
        0.007858333177864552,
        6.598234176635742e-05,
        0.9999691843986511,
        0.0,
        -0.039180248975753784,
        1.552032709121704,
        0.028117449954152107,
        1.0
      ]
    },
    {
      "anchor": "",
      "length": 0.0,
      "name": "shoulder.L",
      "transform": [
        -0.41113609075546265,
        0.011460445821285248,
        -0.9115018248558044,
        0.0,
        0.8832296133041382,
        -0.24239987134933472,
        -0.40143170952796936,
        0.0,
        -0.22554844617843628,
        -0.9701086282730103,
        0.0895371362566948,
        0.0,
        0.07299233227968216,
        1.3621909618377686,
        -0.04840589314699173,
        1.0
      ]
    },
    {
      "anchor": "Marker_L0",
      "length": 0.0,
      "name": "upper_arm.L",
      "transform": [
        -0.03268704190850258,
        -0.06240348517894745,
        -0.9975154995918274,
        0.0,
        0.5928524732589722,
        -0.8047171235084534,
        0.030915305018424988,
        0.0,
        -0.8046470880508423,
        -0.5903691053390503,
        0.06329992413520813,
        0.0,
        0.16055259108543396,
        1.3381602764129639,
        -0.08820243179798126,
        1.0
      ]
    },
    {
      "anchor": "Marker_L3",
      "length": 0.0,
      "name": "lower_arm.L",
      "transform": [
        0.43501412868499756,
        -0.3080431818962097,
        -0.8460920453071594,
        0.0,
        0.5258267521858215,
        -0.6758785247802734,
        0.5164237022399902,
        0.0,
        -0.7309366464614868,
        -0.6695498824119568,
        -0.13203948736190796,
        0.0,
        0.33545881509780884,
        1.1007486581802368,
        -0.07908163964748383,
        1.0
      ]
    },
    {
      "anchor": "Marker_L6",
      "length": 0.0,
      "name": "hand.L",
      "transform": [
        0.31316623091697693,
        -0.3802221715450287,
        -0.8702630400657654,
        0.0,
        0.2829750180244446,
        -0.8373750448226929,
        0.4676825702190399,
        0.0,
        -0.9065603017807007,
        -0.39272555708885193,
        -0.15464428067207336,
        0.0,
        0.4634474217891693,
        0.9362367987632751,
        0.046618178486824036,
        1.0
      ]
    },
    {
      "anchor": "",
      "length": 0.0,
      "name": "Index Proximal.L",
      "transform": [
        0.26184940338134766,
        -0.36263662576675415,
        -0.8943875432014465,
        0.0,
        0.02214115858078003,
        -0.9242208003997803,
        0.38121506571769714,
        0.0,
        -0.9648544788360596,
        -0.11962419748306274,
        -0.23397745192050934,
        0.0,
        0.49170610308647156,
        0.8613267540931702,
        0.11366459727287292,
        1.0
      ]
    },
    {
      "anchor": "",
      "length": 0.0,
      "name": "Index Intermediate.L",
      "transform": [
        0.28167521953582764,
        -0.3693400025367737,
        -0.8855770230293274,
        0.0,
        -0.3605805039405823,
        -0.8960424661636353,
        0.2590150833129883,
        0.0,
        -0.8891795873641968,
        0.24636328220367432,
        -0.38556981086730957,
        0.0,
        0.4926266074180603,
        0.8229061961174011,
        0.1295119822025299,
        1.0
      ]
    },
    {
      "anchor": "",
      "length": 0.0,
      "name": "Index Distal.L",
      "transform": [
        0.1495344340801239,
        -0.2778867185115814,
        -0.9489035606384277,
        0.0,
        -0.2986777126789093,
        -0.9275561571121216,
        0.22456751763820648,
        0.0,
        -0.9425660371780396,
        0.24983541667461395,
        -0.22170010209083557,
        0.0,
        0.4832724332809448,
        0.7996610999107361,
        0.13623137772083282,
        1.0
      ]
    },
    {
      "anchor": "",
      "length": 0.0,
      "name": "Index Distal.L.001",
      "transform": [
        -0.12373679131269455,
        0.3067050576210022,
        0.9437270164489746,
        0.0,
        -0.3008759319782257,
        -0.9178612232208252,
        0.25884944200515747,
        0.0,
        0.9456016421318054,
        -0.2519153356552124,
        0.2058533877134323,
        0.0,
        0.476074755191803,
        0.7773083448410034,
        0.14164312183856964,
        1.0
      ]
    },
    {
      "anchor": "",
      "length": 0.0,
      "name": "Index Distal.L.001_end",
      "transform": [
        -0.12373679131269455,
        0.3067050576210022,
        0.9437270164489746,
        0.0,
        -0.3008759319782257,
        -0.9178612232208252,
        0.25884944200515747,
        0.0,
        0.9456016421318054,
        -0.2519153356552124,
        0.2058533877134323,
        0.0,
        0.4698953926563263,
        0.7584574222564697,
        0.1469593346118927,
        1.0
      ]
    },
    {
      "anchor": "",
      "length": 0.0,
      "name": "Thumb Proximal.L",
      "transform": [
        0.5941193103790283,
        0.3813532292842865,
        0.7082314491271973,
        0.0,
        -0.41068822145462036,
        -0.6132514476776123,
        0.674727201461792,
        0.0,
        0.6916335225105286,
        -0.6917307376861572,
        -0.20772770047187805,
        0.0,
        0.4573197066783905,
        0.9177209734916687,
        0.08571227639913559,
        1.0
      ]
    },
    {
      "anchor": "",
      "length": 0.0,
      "name": "Thumb Intermediate.L",
      "transform": [
        0.13827168941497803,
        0.4429878294467926,
        0.8858003616333008,
        0.0,
        -0.3479047417640686,
        -0.8156670331954956,
        0.46222123503685,
        0.0,
        0.9272769093513489,
        -0.3720860183238983,
        0.041333794593811035,
        0.0,
        0.43877050280570984,
        0.8900227546691895,
        0.11618712544441223,
        1.0
      ]
    },
    {
      "anchor": "",
      "length": 0.0,
      "name": "Thumb Distal.L",
      "transform": [
        0.40073832869529724,
        0.26282453536987305,
        0.8776853680610657,
        0.0,
        -0.33472949266433716,
        -0.8497469425201416,
        0.4072904586791992,
        0.0,
        0.852856457233429,
        -0.4570038914680481,
        -0.25255128741264343,
        0.0,
        0.42773452401161194,
        0.8641487956047058,
        0.13084934651851654,
        1.0
      ]
    },
    {
      "anchor": "",
      "length": 0.0,
      "name": "Thumb Distal.L.001",
      "transform": [
        -0.9215636849403381,
        0.3880537152290344,
        -0.01156693696975708,
        0.0,
        -0.37414923310279846,
        -0.8798025846481323,
        0.29318898916244507,
        0.0,
        0.10359662771224976,
        0.27452051639556885,
        0.9559844732284546,
        0.0,
        0.42009374499320984,
        0.8447518944740295,
        0.140146404504776,
        1.0
      ]
    },
    {
      "anchor": "",
      "length": 0.0,
      "name": "Thumb Distal.L.001_end",
      "transform": [
        -0.9215636849403381,
        0.3880537152290344,
        -0.01156693696975708,
        0.0,
        -0.37414923310279846,
        -0.8798025846481323,
        0.29318898916244507,
        0.0,
        0.10359662771224976,
        0.27452051639556885,
        0.9559844732284546,
        0.0,
        0.4116666913032532,
        0.8249359130859375,
        0.14674995839595795,
        1.0
      ]
    },
    {
      "anchor": "",
      "length": 0.0,
      "name": "Middle Proximal.L",
      "transform": [
        0.10941815376281738,
        -0.30026787519454956,
        -0.9475581645965576,
        0.0,
        -0.14470511674880981,
        -0.9479378461837769,
        0.28367841243743896,
        0.0,
        -0.9834061861038208,
        0.10607647895812988,
        -0.1471717804670334,
        0.0,
        0.4939550757408142,
        0.8546339273452759,
        0.09049250185489655,
        1.0
      ]
    },
    {
      "anchor": "",
      "length": 0.0,
      "name": "Middle Intermediate.L",
      "transform": [
        0.17106859385967255,
        -0.3568834960460663,
        -0.9183513522148132,
        0.0,
        -0.6680616140365601,
        -0.7271118760108948,
        0.1581200808286667,
        0.0,
        -0.7241744995117188,
        0.5864654183387756,
        -0.36280593276023865,
        0.0,
        0.48637115955352783,
        0.8049530386924744,
        0.10535989701747894,
        1.0
      ]
    },
    {
      "anchor": "",
      "length": 0.0,
      "name": "Middle Distal.L",
      "transform": [
        0.08977387100458145,
        -0.39863961935043335,
        -0.9127030372619629,
        0.0,
        -0.8659476637840271,
        -0.48395130038261414,
        0.1261993944644928,
        0.0,
        -0.49201148748397827,
        0.7790231704711914,
        -0.3886469304561615,
        0.0,
        0.4641672968864441,
        0.7807865738868713,
        0.11061518639326096,
        1.0
      ]
    },
    {
      "anchor": "",
      "length": 0.0,
      "name": "Middle Distal.L.001",
      "transform": [
        -0.12412682175636292,
        0.43030479550361633,
        0.8941084742546082,
        0.0,
        -0.8560211658477783,
        -0.502139151096344,
        0.122823566198349,
        0.0,
        0.5018178820610046,
        -0.750129222869873,
        0.43067848682403564,
        0.0,
        0.44403141736984253,
        0.7695332169532776,
        0.11354968696832657,
        1.0
      ]
    },
    {
      "anchor": "",
      "length": 0.0,
      "name": "Middle Distal.L.001_end",
      "transform": [
        -0.12412682175636292,
        0.43030479550361633,
        0.8941084742546082,
        0.0,
        -0.8560211658477783,
        -0.502139151096344,
        0.122823566198349,
        0.0,
        0.5018178820610046,
        -0.750129222869873,
        0.43067848682403564,
        0.0,
        0.4241141378879547,
        0.7578498125076294,
        0.11640746146440506,
        1.0
      ]
    },
    {
      "anchor": "",
      "length": 0.0,
      "name": "Ring Proximal.L",
      "transform": [
        0.15544664859771729,
        -0.2192988395690918,
        -0.963194727897644,
        0.0,
        -0.26127055287361145,
        -0.9494524002075195,
        0.17400430142879486,
        0.0,
        -0.9526667594909668,
        0.224605530500412,
        -0.20488542318344116,
        0.0,
        0.48821520805358887,
        0.8520892262458801,
        0.06741967797279358,
        1.0
      ]
    },
    {
      "anchor": "",
      "length": 0.0,
      "name": "Ring Intermediate.L",
      "transform": [
        0.06405259668827057,
        -0.3981221616268158,
        -0.9150933027267456,
        0.0,
        -0.7825888395309448,
        -0.589031457901001,
        0.20148703455924988,
        0.0,
        -0.6192349195480347,
        0.7032355070114136,
        -0.34929466247558594,
        0.0,
        0.47630152106285095,
        0.8087949156761169,
        0.07535412907600403,
        1.0
      ]
    },
    {
      "anchor": "",
      "length": 0.0,
      "name": "Ring Distal.L",
      "transform": [
        0.052545465528964996,
        -0.4056536853313446,
        -0.9125151038169861,
        0.0,
        -0.8697108626365662,
        -0.46765244007110596,
        0.1578114926815033,
        0.0,
        -0.49075639247894287,
        0.7853316068649292,
        -0.3773741126060486,
        0.0,
        0.46012160181999207,
        0.796616792678833,
        0.07951979339122772,
        1.0
      ]
    },
    {
      "anchor": "",
      "length": 0.0,
      "name": "Ring Distal.L.001",
      "transform": [
        -0.10158239305019379,
        0.47497496008872986,
        0.8741163611412048,
        0.0,
        -0.8647084832191467,
        -0.47661256790161133,
        0.1584911048412323,
        0.0,
        0.4918939471244812,
        -0.7397556304931641,
        0.45913010835647583,
        0.0,
        0.44147923588752747,
        0.7865927219390869,
        0.0829024463891983,
        1.0
      ]
    },
    {
      "anchor": "",
      "length": 0.0,
      "name": "Ring Distal.L.001_end",
      "transform": [
        -0.10158239305019379,
        0.47497496008872986,
        0.8741163611412048,
        0.0,
        -0.8647084832191467,
        -0.47661256790161133,
        0.1584911048412323,
        0.0,
        0.4918939471244812,
        -0.7397556304931641,
        0.45913010835647583,
        0.0,
        0.42293891310691833,
        0.7763736248016357,
        0.08630067110061646,
        1.0
      ]
    },
    {
      "anchor": "",
      "length": 0.0,
      "name": "Little Proximal.L",
      "transform": [
        0.26976945996284485,
        -0.3194062411785126,
        -0.9084072709083557,
        0.0,
        -0.47655463218688965,
        -0.8640369176864624,
        0.1622827649116516,
        0.0,
        -0.8367315530776978,
        0.3891263008117676,
        -0.38530516624450684,
        0.0,
        0.48836109042167664,
        0.8495891690254211,
        0.044650301337242126,
        1.0
      ]
    },
    {
      "anchor": "",
      "length": 0.0,
      "name": "Little Intermediate.L",
      "transform": [
        0.11102843284606934,
        -0.5276597738265991,
        -0.8421682715415955,
        0.0,
        -0.9205319881439209,
        -0.37398016452789307,
        0.11295711994171143,
        0.0,
        -0.37455689907073975,
        0.7627013921737671,
        -0.5272501707077026,
        0.0,
        0.470466673374176,
        0.8171449303627014,
        0.0507439449429512,
        1.0
      ]
    },
    {
      "anchor": "",
      "length": 0.0,
      "name": "Little Distal.L",
      "transform": [
        -0.06357842683792114,
        -0.556976318359375,
        -0.8280909657478333,
        0.0,
        -0.9979535341262817,
        0.04110226035118103,
        0.04897429049015045,
        0.0,
        0.006759315729141235,
        0.8295103311538696,
        -0.5584498643875122,
        0.0,
        0.4535799026489258,
        0.8102843761444092,
        0.05281612649559975,
        1.0
      ]
    },
    {
      "anchor": "",
      "length": 0.0,
      "name": "Little Distal.L.001",
      "transform": [
        0.04384994879364967,
        0.5107913613319397,
        0.8585852384567261,
        0.0,
        -0.9990363717079163,
        0.021296903491020203,
        0.03835294395685196,
        0.0,
        0.0013047093525528908,
        -0.8594403862953186,
        0.511233389377594,
        0.0,
        0.4379589259624481,
        0.8109277486801147,
        0.05358275771141052,
        1.0
      ]
    },
    {
      "anchor": "",
      "length": 0.0,
      "name": "Little Distal.L.001_end",
      "transform": [
        0.04384994879364967,
        0.5107913613319397,
        0.8585852384567261,
        0.0,
        -0.9990363717079163,
        0.021296903491020203,
        0.03835294395685196,
        0.0,
        0.0013047093525528908,
        -0.8594403862953186,
        0.511233389377594,
        0.0,
        0.42211928963661194,
        0.8112654089927673,
        0.05419084057211876,
        1.0
      ]
    },
    {
      "anchor": "",
      "length": 0.0,
      "name": "shoulder.R",
      "transform": [
        -0.41113582253456116,
        -0.011460654437541962,
        0.9115018248558044,
        0.0,
        -0.8832295536994934,
        -0.24239984154701233,
        -0.4014313817024231,
        0.0,
        0.2255486398935318,
        -0.9701086282730103,
        0.08953691273927689,
        0.0,
        -0.07299232482910156,
        1.3621909618377686,
        -0.04840589314699173,
        1.0
      ]
    },
    {
      "anchor": "Marker_R0",
      "length": 0.0,
      "name": "upper_arm.R",
      "transform": [
        -0.03268679976463318,
        0.06240314990282059,
        0.9975153803825378,
        0.0,
        -0.5928524732589722,
        -0.804716944694519,
        0.030915316194295883,
        0.0,
        0.8046469688415527,
        -0.5903693437576294,
        0.06329948455095291,
        0.0,
        -0.16055256128311157,
        1.3381601572036743,
        -0.08820237964391708,
        1.0
      ]
    },
    {
      "anchor": "Marker_R3",
      "length": 0.0,
      "name": "lower_arm.R",
      "transform": [
        0.43501412868499756,
        0.30804285407066345,
        0.8460919857025146,
        0.0,
        -0.5258267521858215,
        -0.675878643989563,
        0.5164236426353455,
        0.0,
        0.7309364080429077,
        -0.669549822807312,
        -0.13203969597816467,
        0.0,
        -0.33545875549316406,
        1.1007485389709473,
        -0.07908158749341965,
        1.0
      ]
    },
    {
      "anchor": "Marker_R6",
      "length": 0.0,
      "name": "hand.R",
      "transform": [
        0.31316620111465454,
        0.3802219033241272,
        0.8702629208564758,
        0.0,
        -0.28297504782676697,
        -0.8373751640319824,
        0.46768251061439514,
        0.0,
        0.9065600633621216,
        -0.39272546768188477,
        -0.15464438498020172,
        0.0,
        -0.4634474515914917,
        0.9362366795539856,
        0.046618230640888214,
        1.0
      ]
    },
    {
      "anchor": "",
      "length": 0.0,
      "name": "Index Proximal.R",
      "transform": [
        0.26184940338134766,
        0.36263641715049744,
        0.8943873643875122,
        0.0,
        -0.02214127779006958,
        -0.9242207407951355,
        0.38121500611305237,
        0.0,
        0.9648542404174805,
        -0.11962413787841797,
        -0.23397758603096008,
        0.0,
        -0.4917062222957611,
        0.8613265752792358,
        0.11366460472345352,
        1.0
      ]
    },
    {
      "anchor": "",
      "length": 0.0,
      "name": "Index Intermediate.R",
      "transform": [
        0.28167515993118286,
        0.36933979392051697,
        0.8855768442153931,
        0.0,
        0.3605804741382599,
        -0.8960423469543457,
        0.25901490449905396,
        0.0,
        0.8891791701316833,
        0.24636349081993103,
        -0.38556987047195435,
        0.0,
        -0.49262672662734985,
        0.8229060769081116,
        0.12951204180717468,
        1.0
      ]
    },
    {
      "anchor": "",
      "length": 0.0,
      "name": "Index Distal.R",
      "transform": [
        0.14953449368476868,
        0.2778865396976471,
        0.9489034414291382,
        0.0,
        0.2986777722835541,
        -0.9275561571121216,
        0.22456741333007813,
        0.0,
        0.9425656795501709,
        0.24983561038970947,
        -0.22170031070709229,
        0.0,
        -0.483272522687912,
        0.7996610403060913,
        0.1362314075231552,
        1.0
      ]
    },
    {
      "anchor": "",
      "length": 0.0,
      "name": "Index Distal.R.001",
      "transform": [
        -0.12373685091733932,
        -0.30670487880706787,
        -0.9437269568443298,
        0.0,
        0.30087605118751526,
        -0.9178614616394043,
        0.2588493824005127,
        0.0,
        -0.945601224899292,
        -0.25191545486450195,
        0.20585358142852783,
        0.0,
        -0.47607478499412537,
        0.7773082256317139,
        0.14164316654205322,
        1.0
      ]
    },
    {
      "anchor": "",
      "length": 0.0,
      "name": "Index Distal.R.001_end",
      "transform": [
        -0.12373685091733932,
        -0.30670487880706787,
        -0.9437269568443298,
        0.0,
        0.30087605118751526,
        -0.9178614616394043,
        0.2588493824005127,
        0.0,
        -0.945601224899292,
        -0.25191545486450195,
        0.20585358142852783,
        0.0,
        -0.4698954224586487,
        0.7584573030471802,
        0.14695937931537628,
        1.0
      ]
    },
    {
      "anchor": "",
      "length": 0.0,
      "name": "Thumb Proximal.R",
      "transform": [
        0.594119131565094,
        -0.38135290145874023,
        -0.7082313895225525,
        0.0,
        0.4106884002685547,
        -0.6132513880729675,
        0.674727201461792,
        0.0,
        -0.6916332244873047,
        -0.6917309761047363,
        -0.20772743225097656,
        0.0,
        -0.45731979608535767,
        0.9177208542823792,
        0.08571226894855499,
        1.0
      ]
    },
    {
      "anchor": "",
      "length": 0.0,
      "name": "Thumb Intermediate.R",
      "transform": [
        0.13827157020568848,
        -0.44298774003982544,
        -0.8858001232147217,
        0.0,
        0.34790486097335815,
        -0.815666913986206,
        0.46222129464149475,
        0.0,
        -0.9272767305374146,
        -0.3720863163471222,
        0.04133400321006775,
        0.0,
        -0.438770592212677,
        0.8900226354598999,
        0.11618707329034805,
        1.0
      ]
    },
    {
      "anchor": "",
      "length": 0.0,
      "name": "Thumb Distal.R",
      "transform": [
        0.4007381200790405,
        -0.26282429695129395,
        -0.8776851296424866,
        0.0,
        0.33472949266433716,
        -0.8497466444969177,
        0.40729042887687683,
        0.0,
        -0.852856457233429,
        -0.457004189491272,
        -0.2525510787963867,
        0.0,
        -0.4277346134185791,
        0.8641486167907715,
        0.13084928691387177,
        1.0
      ]
    },
    {
      "anchor": "",
      "length": 0.0,
      "name": "Thumb Distal.R.001",
      "transform": [
        -0.921563446521759,
        -0.3880540728569031,
        0.011567100882530212,
        0.0,
        0.3741492033004761,
        -0.8798021078109741,
        0.29318884015083313,
        0.0,
        -0.10359641909599304,
        0.27452027797698975,
        0.9559840559959412,
        0.0,
        -0.4200938642024994,
        0.8447518348693848,
        0.14014631509780884,
        1.0
      ]
    },
    {
      "anchor": "",
      "length": 0.0,
      "name": "Thumb Distal.R.001_end",
      "transform": [
        -0.921563446521759,
        -0.3880540728569031,
        0.011567100882530212,
        0.0,
        0.3741492033004761,
        -0.8798021078109741,
        0.29318884015083313,
        0.0,
        -0.10359641909599304,
        0.27452027797698975,
        0.9559840559959412,
        0.0,
        -0.4116668105125427,
        0.8249358534812927,
        0.14674986898899078,
        1.0
      ]
    },
    {
      "anchor": "",
      "length": 0.0,
      "name": "Middle Proximal.R",
      "transform": [
        0.10941818356513977,
        0.30026760697364807,
        0.9475579261779785,
        0.0,
        0.1447049379348755,
        -0.9479376077651978,
        0.2836782932281494,
        0.0,
        0.9834058880805969,
        0.10607650876045227,
        -0.14717189967632294,
        0.0,
        -0.4939551055431366,
        0.8546338677406311,
        0.09049250185489655,
        1.0
      ]
    },
    {
      "anchor": "",
      "length": 0.0,
      "name": "Middle Intermediate.R",
      "transform": [
        0.1710687130689621,
        0.35688307881355286,
        0.9183511137962341,
        0.0,
        0.6680614948272705,
        -0.7271116971969604,
        0.15811973810195923,
        0.0,
        0.7241743206977844,
        0.58646559715271,
        -0.3628060221672058,
        0.0,
        -0.4863712191581726,
        0.8049530982971191,
        0.10535989701747894,
        1.0
      ]
    },
    {
      "anchor": "",
      "length": 0.0,
      "name": "Middle Distal.R",
      "transform": [
        0.08977404981851578,
        0.3986393213272095,
        0.9127029180526733,
        0.0,
        0.8659472465515137,
        -0.4839510917663574,
        0.12619905173778534,
        0.0,
        0.4920113682746887,
        0.7790231108665466,
        -0.3886469006538391,
        0.0,
        -0.46416735649108887,
        0.7807866930961609,
        0.11061522364616394,
        1.0
      ]
    },
    {
      "anchor": "",
      "length": 0.0,
      "name": "Middle Distal.R.001",
      "transform": [
        -0.12412697076797485,
        -0.43030452728271484,
        -0.8941084146499634,
        0.0,
        0.856020450592041,
        -0.502138614654541,
        0.12282312661409378,
        0.0,
        -0.501817524433136,
        -0.750129222869873,
        0.43067842721939087,
        0.0,
        -0.44403141736984253,
        0.7695334553718567,
        0.11354969441890717,
        1.0
      ]
    },
    {
      "anchor": "",
      "length": 0.0,
      "name": "Middle Distal.R.001_end",
      "transform": [
        -0.12412697076797485,
        -0.43030452728271484,
        -0.8941084146499634,
        0.0,
        0.856020450592041,
        -0.502138614654541,
        0.12282312661409378,
        0.0,
        -0.501817524433136,
        -0.750129222869873,
        0.43067842721939087,
        0.0,
        -0.4241141378879547,
        0.7578500509262085,
        0.11640745401382446,
        1.0
      ]
    },
    {
      "anchor": "",
      "length": 0.0,
      "name": "Ring Proximal.R",
      "transform": [
        0.15544673800468445,
        0.21929864585399628,
        0.9631946086883545,
        0.0,
        0.26127034425735474,
        -0.9494521617889404,
        0.17400425672531128,
        0.0,
        0.9526662826538086,
        0.22460556030273438,
        -0.20488551259040833,
        0.0,
        -0.48821526765823364,
        0.8520891070365906,
        0.06741967797279358,
        1.0
      ]
    },
    {
      "anchor": "",
      "length": 0.0,
      "name": "Ring Intermediate.R",
      "transform": [
        0.0640527755022049,
        0.39812183380126953,
        0.9150932431221008,
        0.0,
        0.7825884819030762,
        -0.5890309810638428,
        0.201486736536026,
        0.0,
        0.619234561920166,
        0.7032356262207031,
        -0.3492947816848755,
        0.0,
        -0.47630152106285095,
        0.8087947368621826,
        0.07535415887832642,
        1.0
      ]
    },
    {
      "anchor": "",
      "length": 0.0,
      "name": "Ring Distal.R",
      "transform": [
        0.05254565551877022,
        0.40565332770347595,
        0.9125150442123413,
        0.0,
        0.8697105050086975,
        -0.46765193343162537,
        0.15781113505363464,
        0.0,
        0.49075591564178467,
        0.7853316068649292,
        -0.37737414240837097,
        0.0,
        -0.4601215124130249,
        0.7966164946556091,
        0.07951991260051727,
        1.0
      ]
    },
    {
      "anchor": "",
      "length": 0.0,
      "name": "Ring Distal.R.001",
      "transform": [
        -0.1015826165676117,
        -0.47497478127479553,
        -0.8741161823272705,
        0.0,
        0.8647080063819885,
        -0.4766120910644531,
        0.15849080681800842,
        0.0,
        -0.4918934106826782,
        -0.739755392074585,
        0.45913025736808777,
        0.0,
        -0.44147923588752747,
        0.7865923643112183,
        0.08290260285139084,
        1.0
      ]
    },
    {
      "anchor": "",
      "length": 0.0,
      "name": "Ring Distal.R.001_end",
      "transform": [
        -0.1015826165676117,
        -0.47497478127479553,
        -0.8741161823272705,
        0.0,
        0.8647080063819885,
        -0.4766120910644531,
        0.15849080681800842,
        0.0,
        -0.4918934106826782,
        -0.739755392074585,
        0.45913025736808777,
        0.0,
        -0.4229389429092407,
        0.7763732671737671,
        0.0863008201122284,
        1.0
      ]
    },
    {
      "anchor": "",
      "length": 0.0,
      "name": "Little Proximal.R",
      "transform": [
        0.2697693109512329,
        0.319406121969223,
        0.9084070920944214,
        0.0,
        0.47655439376831055,
        -0.8640365600585938,
        0.162282794713974,
        0.0,
        0.8367312550544739,
        0.38912642002105713,
        -0.38530513644218445,
        0.0,
        -0.4883611798286438,
        0.8495889902114868,
        0.044650331139564514,
        1.0
      ]
    },
    {
      "anchor": "",
      "length": 0.0,
      "name": "Little Intermediate.R",
      "transform": [
        0.11102855205535889,
        0.5276592969894409,
        0.8421682119369507,
        0.0,
        0.9205315113067627,
        -0.3739801049232483,
        0.1129569411277771,
        0.0,
        0.37455692887306213,
        0.7627012729644775,
        -0.5272499918937683,
        0.0,
        -0.4704667925834656,
        0.8171448111534119,
        0.05074401944875717,
        1.0
      ]
    },
    {
      "anchor": "",
      "length": 0.0,
      "name": "Little Distal.R",
      "transform": [
        -0.06357814371585846,
        0.5569758415222168,
        0.8280906677246094,
        0.0,
        0.9979531764984131,
        0.04110211133956909,
        0.04897420108318329,
        0.0,
        -0.006758987903594971,
        0.8295100927352905,
        -0.5584497451782227,
        0.0,
        -0.4535800516605377,
        0.8102843165397644,
        0.05281613767147064,
        1.0
      ]
    },
    {
      "anchor": "",
      "length": 0.0,
      "name": "Little Distal.R.001",
      "transform": [
        0.043849702924489975,
        -0.5107906460762024,
        -0.858585000038147,
        0.0,
        0.9990366697311401,
        0.021296784281730652,
        0.03835289925336838,
        0.0,
        -0.0013050446286797523,
        -0.8594402074813843,
        0.5112330317497253,
        0.0,
        -0.43795907497406006,
        0.81092768907547,
        0.05358276516199112,
        1.0
      ]
    },
    {
      "anchor": "",
      "length": 0.0,
      "name": "Little Distal.R.001_end",
      "transform": [
        0.043849702924489975,
        -0.5107906460762024,
        -0.858585000038147,
        0.0,
        0.9990366697311401,
        0.021296784281730652,
        0.03835289925336838,
        0.0,
        -0.0013050446286797523,
        -0.8594402074813843,
        0.5112330317497253,
        0.0,
        -0.4221194386482239,
        0.8112653493881226,
        0.054190848022699356,
        1.0
      ]
    },
    {
      "anchor": "Marker_L9",
      "length": 0.0,
      "name": "upper_leg.L",
      "transform": [
        0.9993945956230164,
        0.03121241182088852,
        -0.014653830789029598,
        0.0,
        0.030680028721690178,
        -0.9989067912101746,
        -0.035269223153591156,
        0.0,
        -0.015738699585199356,
        0.03479841351509094,
        -0.9992629885673523,
        0.0,
        0.11639730632305145,
        0.8470452427864075,
        -0.013641821220517159,
        1.0
      ]
    },
    {
      "anchor": "Marker_L11",
      "length": 0.0,
      "name": "lower_leg.L",
      "transform": [
        0.9938629269599915,
        0.11007564514875412,
        -0.009907744824886322,
        0.0,
        0.10841453075408936,
        -0.9884287714958191,
        -0.10608541965484619,
        0.0,
        -0.021470604464411736,
        0.1043616384267807,
        -0.9943000078201294,
        0.0,
        0.12720532715320587,
        0.495149165391922,
        -0.026066504418849945,
        1.0
      ]
    },
    {
      "anchor": "Marker_L14",
      "length": 0.0,
      "name": "foot.L",
      "transform": [
        0.9782882332801819,
        0.20682969689369202,
        0.012332204729318619,
        0.0,
        0.07971441000699997,
        -0.43065145611763,
        0.8989836573600769,
        0.0,
        0.19124740362167358,
        -0.8784985542297363,
        -0.4377906322479248,
        0.0,
        0.17354464530944824,
        0.07266774773597717,
        -0.07141031324863434,
        1.0
      ]
    },
    {
      "anchor": "",
      "length": 0.0,
      "name": "toe.L",
      "transform": [
        -0.997821569442749,
        -0.024994507431983948,
        0.06086978316307068,
        0.0,
        0.06446444988250732,
        -0.18578112125396729,
        0.9804666638374329,
        0.0,
        -0.013198405504226685,
        0.9822726249694824,
        0.18698881566524506,
        0.0,
        0.1810772567987442,
        0.025036104023456573,
        0.037888288497924805,
        1.0
      ]
    },
    {
      "anchor": "",
      "length": 0.0,
      "name": "toe.L_end",
      "transform": [
        -0.997821569442749,
        -0.024994507431983948,
        0.06086978316307068,
        0.0,
        0.06446444988250732,
        -0.18578112125396729,
        0.9804666638374329,
        0.0,
        -0.013198405504226685,
        0.9822726249694824,
        0.18698881566524506,
        0.0,
        0.1855248361825943,
        0.012218545190989971,
        0.1055334210395813,
        1.0
      ]
    },
    {
      "anchor": "Marker_R9",
      "length": 0.0,
      "name": "upper_leg.R",
      "transform": [
        0.9993945956230164,
        -0.031212402507662773,
        0.014653822407126427,
        0.0,
        -0.030680019408464432,
        -0.9989067912101746,
        -0.035269223153591156,
        0.0,
        0.01573869213461876,
        0.03479841351509094,
        -0.9992629885673523,
        0.0,
        -0.11639729887247086,
        0.8470452427864075,
        -0.013641820289194584,
        1.0
      ]
    },
    {
      "anchor": "Marker_R11",
      "length": 0.0,
      "name": "lower_leg.R",
      "transform": [
        0.9938629269599915,
        -0.11007563769817352,
        0.009907737374305725,
        0.0,
        -0.10841450840234756,
        -0.9884287118911743,
        -0.10608543455600739,
        0.0,
        0.021470598876476288,
        0.1043616533279419,
        -0.9942999482154846,
        0.0,
        -0.1272052824497223,
        0.495149165391922,
        -0.026066500693559647,
        1.0
      ]
    },
    {
      "anchor": "Marker_R14",
      "length": 0.0,
      "name": "foot.R",
      "transform": [
        0.9782882928848267,
        -0.2068297117948532,
        -0.012332207523286343,
        0.0,
        -0.07971441000699997,
        -0.4306514859199524,
        0.8989836573600769,
        0.0,
        -0.19124741852283478,
        -0.8784986138343811,
        -0.4377906620502472,
        0.0,
        -0.17354457080364227,
        0.07266774773597717,
        -0.07141029834747314,
        1.0
      ]
    },
    {
      "anchor": "",
      "length": 0.0,
      "name": "toe.R",
      "transform": [
        -0.9978216886520386,
        0.024994507431983948,
        -0.06086978688836098,
        0.0,
        -0.06446444988250732,
        -0.18578116595745087,
        0.9804666638374329,
        0.0,
        0.013198405504226685,
        0.982272744178772,
        0.18698887526988983,
        0.0,
        -0.18107716739177704,
        0.02503608912229538,
        0.037888303399086,
        1.0
      ]
    },
    {
      "anchor": "",
      "length": 0.0,
      "name": "toe.R_end",
      "transform": [
        -0.9978216886520386,
        0.024994507431983948,
        -0.06086978688836098,
        0.0,
        -0.06446444988250732,
        -0.18578116595745087,
        0.9804666638374329,
        0.0,
        0.013198405504226685,
        0.982272744178772,
        0.18698887526988983,
        0.0,
        -0.18552474677562714,
        0.012218527495861053,
        0.10553343594074249,
        1.0
      ]
    }
  ],
  "objects": [
    {
      "name": "BaseMeshBKP",
      "position": [
        1.2471803589875208e-09,
        0.0,
        0.0
      ],
      "weights": {}
    },
    {
      "name": "Cube",
      "pose": [
