{
  "bones": [
    {
      "anchor": "",
      "length": 0.0,
      "name": "Hips",
      "transform": [
        0.9999998211860657,
        -1.7171430943818677e-11,
        -4.676744547182921e-10,
        0.0,
        2.1827891924508513e-11,
        0.9999502897262573,
        0.009958459064364433,
        0.0,
        4.674801656889827e-10,
        -0.009958459064364433,
        0.9999502897262573,
        0.0,
        1.2762841894442545e-09,
        0.8455910682678223,
        -1.3731801118410658e-07,
        1.0
      ]
    },
    {
      "anchor": "Marker_F2",
      "length": 0.0,
      "name": "Spine",
      "transform": [
        0.9999998211860657,
        5.557226359087508e-07,
        1.621592127776239e-05,
        0.0,
        1.3771060736189611e-08,
        0.9993836879730225,
        -0.03509829193353653,
        0.0,
        -1.6225432773353532e-05,
        0.03509829193353653,
        0.9993837475776672,
        0.0,
        1.2783283320771943e-09,
        0.9673411250114441,
        -0.0024498184211552143,
        1.0
      ]
    },
    {
      "anchor": "Marker_F2",
      "length": 0.0,
      "name": "Chest",
      "transform": [
        0.9999998211860657,
        -3.0070566481299466e-08,
        -2.3494249035138637e-07,
        0.0,
        7.386233846773393e-10,
        0.9922995567321777,
        -0.12386099994182587,
        0.0,
        2.3685788619332016e-07,
        0.12386099994182587,
        0.9922996163368225,
        0.0,
        3.5736462677959935e-09,
        1.1350866556167603,
        -0.008341027423739433,
        1.0
      ]
    },
    {
      "anchor": "Marker_H1",
      "length": 0.0,
      "name": "Neck",
      "transform": [
        0.9999998211860657,
        -3.7279752618246675e-09,
        -2.3612963673258491e-07,
        0.0,
        1.7482193470641505e-09,
        0.999964714050293,
        -0.008382901549339294,
        0.0,
        2.3615257305209525e-07,
        0.008382908999919891,
        0.9999648332595825,
        0.0,
        3.7244116679602257e-09,
        1.3873087167739868,
        -0.0340668149292469,
        1.0
      ]
    },
    {
      "anchor": "",
      "length": 0.0,
      "name": "Head",
      "transform": [
        0.9999998211860657,
        6.034752431105517e-08,
        -2.2363147422765906e-07,
        0.0,
        5.098264921343798e-09,
        0.959496259689331,
        0.28172093629837036,
        0.0,
        2.3157477357926837e-07,
        -0.281720906496048,
        0.9594963788986206,
        0.0,
        3.8716270189809165e-09,
        1.4715145826339722,
        -0.034772731363773346,
        1.0
      ]
    },
    {
      "anchor": "",
      "length": 0.0,
      "name": "LeftEye",
      "transform": [
        0.9999338388442993,
        -0.00839510653167963,
        0.007858537137508392,
        0.0,
        0.008395363576710224,
        0.999964714050293,
        2.9802322387695313e-08,
        0.0,
        -0.007858259603381157,
        6.598234176635742e-05,
        0.9999691843986511,
        0.0,
        0.03847455233335495,
        1.467977523803711,
        0.028117448091506958,
        1.0
      ]
    },
    {
      "anchor": "",
      "length": 0.0,
      "name": "LeftEye_end",
      "transform": [
        0.9999338388442993,
        -0.00839510653167963,
        0.007858537137508392,
        0.0,
        0.008395363576710224,
        0.999964714050293,
        2.9802322387695313e-08,
        0.0,
        -0.007858259603381157,
        6.598234176635742e-05,
        0.9999691843986511,
        0.0,
        0.03918025270104408,
        1.552032709121704,
        0.028117449954152107,
        1.0
      ]
    },
    {
      "anchor": "",
      "length": 0.0,
      "name": "RightEye",
      "transform": [
        0.9999338388442993,
        0.008395095355808735,
        -0.007858610711991787,
        0.0,
        -0.008395352400839329,
        0.999964714050293,
        2.9802322387695313e-08,
        0.0,
        0.007858333177864552,
        6.598234176635742e-05,
        0.9999691843986511,
        0.0,
        -0.03847455233335495,
        1.467977523803711,
        0.028117448091506958,
        1.0
      ]
    },
    {
      "anchor": "",
      "length": 0.0,
      "name": "RightEye_end",
      "transform": [
        0.9999338388442993,
        0.008395095355808735,
        -0.007858610711991787,
        0.0,
        -0.008395352400839329,
        0.999964714050293,
        2.9802322387695313e-08,
        0.0,
        0.007858333177864552,
        6.598234176635742e-05,
        0.9999691843986511,
        0.0,
        -0.039180248975753784,
        1.552032709121704,
        0.028117449954152107,
        1.0
      ]
    },
    {
      "anchor": "",
      "length": 0.0,
      "name": "shoulder.L",
      "transform": [
        -0.41113609075546265,
        0.011460445821285248,
        -0.9115018248558044,
        0.0,
        0.8832296133041382,
        -0.24239987134933472,
        -0.40143170952796936,
        0.0,
        -0.22554844617843628,
        -0.9701086282730103,
        0.0895371362566948,
        0.0,
        0.07299233227968216,
        1.3621909618377686,
        -0.04840589314699173,
        1.0
      ]
    },
    {
      "anchor": "Marker_L0",
      "length": 0.0,
      "name": "upper_arm.L",
      "transform": [
        -0.03268704190850258,
        -0.06240348517894745,
        -0.9975154995918274,
        0.0,
        0.5928524732589722,
        -0.8047171235084534,
        0.030915305018424988,
        0.0,
        -0.8046470880508423,
        -0.5903691053390503,
        0.06329992413520813,
        0.0,
        0.16055259108543396,
        1.3381602764129639,
        -0.08820243179798126,
        1.0
      ]
    },
    {
      "anchor": "Marker_L3",
      "length": 0.0,
      "name": "lower_arm.L",
      "transform": [
        0.43501412868499756,
        -0.3080431818962097,
        -0.8460920453071594,
        0.0,
        0.5258267521858215,
        -0.6758785247802734,
        0.5164237022399902,
        0.0,
        -0.7309366464614868,
        -0.6695498824119568,
        -0.13203948736190796,
        0.0,
        0.33545881509780884,
        1.1007486581802368,
        -0.07908163964748383,
        1.0
      ]
    },
    {
      "anchor": "Marker_L6",
      "length": 0.0,
      "name": "hand.L",
      "transform": [
        0.31316620111465454,
        -0.3802221417427063,
        -0.8702629804611206,
        0.0,
        0.2829750180244446,
        -0.8373749852180481,
        0.4676825702190399,
        0.0,
        -0.9065602421760559,
        -0.3927255868911743,
        -0.15464428067207336,
        0.0,
        0.4634474217891693,
        0.9362367987632751,
        0.046618178486824036,
        1.0
      ]
    },
    {
      "anchor": "",
      "length": 0.0,
      "name": "Index Proximal.L",
      "transform": [
        0.2524086833000183,
        -0.46189922094345093,
        -0.8502580523490906,
        0.0,
        0.03560163080692291,
        -0.8736816644668579,
        0.4851928949356079,
        0.0,
        -0.9669653177261353,
        -0.15273799002170563,
        -0.2040804624557495,
        0.0,
        0.4873355031013489,
        0.8711890578269958,
        0.10737685114145279,
        1.0
      ]
    },
    {
      "anchor": "",
      "length": 0.0,
      "name": "Index Intermediate.L",
      "transform": [
        0.2382652312517166,
        -0.37312301993370056,
        -0.8966653347015381,
        0.0,
        -0.07690297812223434,
        -0.9276041388511658,
        0.36556243896484375,
        0.0,
        -0.9681503772735596,
        -0.01814509928226471,
        -0.2497100532054901,
        0.0,
        0.4881903827190399,
        0.8502119183540344,
        0.11902634054422379,
        1.0
      ]
    },
    {
      "anchor": "",
      "length": 0.0,
      "name": "Index Distal.L",
      "transform": [
        0.16895626485347748,
        -0.2806794047355652,
        -0.94481360912323,
        0.0,
        -0.05672182887792587,
        -0.9597750902175903,
        0.27498066425323486,
        0.0,
        -0.9839898347854614,
        0.007131339982151985,
        -0.17808055877685547,
        0.0,
        0.4863792359828949,
        0.8283662796020508,
        0.12763555347919464,
        1.0
      ]
    },
    {
      "anchor": "",
      "length": 0.0,
      "name": "Index Distal.L.001",
      "transform": [
        -0.13064053654670715,
        0.24498531222343445,
        0.9606847167015076,
        0.0,
        -0.26734477281570435,
        -0.9417994618415833,
        0.2038138508796692,
        0.0,
        0.9547037482261658,
        -0.23020729422569275,
        0.18853263556957245,
        0.0,
        0.4816651940345764,
        0.7717068791389465,
        0.1482059210538864,
        1.0
      ]
    },
    {
      "anchor": "",
      "length": 0.0,
      "name": "Index Distal.L.001_end",
      "transform": [
        -0.13064053654670715,
        0.24498531222343445,
        0.9606847167015076,
        0.0,
        -0.26734477281570435,
        -0.9417994618415833,
        0.2038138508796692,
        0.0,
        0.9547037482261658,
        -0.23020729422569275,
        0.18853263556957245,
        0.0,
        0.47444650530815125,
        0.7462769746780396,
        0.15370917320251465,
        1.0
      ]
    },
    {
      "anchor": "",
      "length": 0.0,
      "name": "Thumb Proximal.L",
      "transform": [
        0.7354449033737183,
        0.5890968441963196,
        0.3347923755645752,
        0.0,
        -0.21626347303390503,
        -0.26417797803878784,
        0.9399148225784302,
        0.0,
        0.6421452760696411,
        -0.7636585235595703,
        -0.06688858568668365,
        0.0,
        0.4549321234226227,
        0.9160621762275696,
        0.0847049355506897,
        1.0
      ]
    },
    {
      "anchor": "",
      "length": 0.0,
      "name": "Thumb Intermediate.L",
      "transform": [
        0.13977384567260742,
        0.4354117214679718,
        0.8893142938613892,
        0.0,
        -0.5200742483139038,
        -0.7319916486740112,
        0.44012606143951416,
        0.0,
        0.8426064848899841,
        -0.5240269899368286,
        0.1241329163312912,
        0.0,
        0.44846877455711365,
        0.908166766166687,
        0.11279541999101639,
        1.0
      ]
    },
    {
      "anchor": "",
      "length": 0.0,
      "name": "Thumb Distal.L",
      "transform": [
        0.3808460831642151,
        0.8656620383262634,
        0.3249395191669464,
        0.0,
        -0.06186181306838989,
        -0.3267808258533478,
        0.9430731534957886,
        0.0,
        0.9225665330886841,
        -0.3792664706707001,
        -0.070902019739151,
        0.0,
        0.43562087416648865,
        0.8900836110115051,
        0.12366832792758942,
        1.0
      ]
    },
    {
      "anchor": "",
      "length": 0.0,
      "name": "Thumb Distal.L.001",
      "transform": [
        -0.9068405628204346,
        0.38594067096710205,
        -0.16937874257564545,
        0.0,
        -0.2919149398803711,
        -0.2852547764778137,
        0.9129158854484558,
        0.0,
        0.3040158748626709,
        0.8773137331008911,
        0.37134286761283875,
        0.0,
        0.4335648715496063,
        0.8792230486869812,
        0.15501153469085693,
        1.0
      ]
    },
    {
      "anchor": "",
      "length": 0.0,
      "name": "Thumb Distal.L.001_end",
      "transform": [
        -0.9068405628204346,
        0.38594067096710205,
        -0.16937874257564545,
        0.0,
        -0.2919149398803711,
        -0.2852547764778137,
        0.9129158854484558,
        0.0,
        0.3040158748626709,
        0.8773137331008911,
        0.37134286761283875,
        0.0,
        0.4266854524612427,
        0.8725005984306335,
        0.1765257567167282,
        1.0
      ]
    },
    {
      "anchor": "",
      "length": 0.0,
      "name": "Middle Proximal.L",
      "transform": [
        0.10140828788280487,
        -0.3586178421974182,
        -0.9279596209526062,
        0.0,
        0.25469738245010376,
        -0.8923219442367554,
        0.37267881631851196,
        0.0,
        -0.9616885781288147,
        -0.27414214611053467,
        0.000850185751914978,
        0.0,
        0.49137428402900696,
        0.8570761680603027,
        0.08636380732059479,
        1.0
      ]
    },
    {
      "anchor": "",
      "length": 0.0,
      "name": "Middle Intermediate.L",
      "transform": [
        0.12691684067249298,
        -0.37265223264694214,
        -0.9192507266998291,
        0.0,
        0.21039821207523346,
        -0.8955428004264832,
        0.39208999276161194,
        0.0,
        -0.9693419337272644,
        -0.2431720346212387,
        -0.03525410592556,
        0.0,
        0.49989667534828186,
        0.8272182941436768,
        0.09883397072553635,
        1.0
      ]
    },
    {
      "anchor": "",
      "length": 0.0,
      "name": "Middle Distal.L",
      "transform": [
        0.07568874955177307,
        -0.3669435381889343,
        -0.9271585941314697,
        0.0,
        0.23025108873844147,
        -0.8982647657394409,
        0.3743046224117279,
        0.0,
        -0.9701828360557556,
        -0.2418103814125061,
        0.016500644385814667,
        0.0,
        0.5054360628128052,
        0.8036401271820068,
        0.10915705561637878,
        1.0
      ]
    },
    {
      "anchor": "",
      "length": 0.0,
      "name": "Middle Distal.L.001",
      "transform": [
        -0.12878204882144928,
        0.3521738350391388,
        0.9270319938659668,
        0.0,
        0.25055164098739624,
        -0.8929320573806763,
        0.37402570247650146,
        0.0,
        0.9594991207122803,
        0.280437707901001,
        0.02675587497651577,
        0.0,
        0.5107901692390442,
        0.7827527523040771,
        0.11786074191331863,
        1.0
      ]
    },
    {
      "anchor": "",
      "length": 0.0,
      "name": "Middle Distal.L.001_end",
      "transform": [
        -0.12878204882144928,
        0.3521738350391388,
        0.9270319938659668,
        0.0,
        0.25055164098739624,
        -0.8929320573806763,
        0.37402570247650146,
        0.0,
        0.9594991207122803,
        0.280437707901001,
        0.02675587497651577,
        0.0,
        0.5166198015213013,
        0.7619767189025879,
        0.12656326591968536,
        1.0
      ]
    },
    {
      "anchor": "",
      "length": 0.0,
      "name": "Ring Proximal.L",
      "transform": [
        0.1315508335828781,
        -0.4006403088569641,
        -0.9067420959472656,
        0.0,
        0.21700555086135864,
        -0.8808670043945313,
        0.4206908047199249,
        0.0,
        -0.9672653675079346,
        -0.2521108090877533,
        -0.02893759310245514,
        0.0,
        0.48832839727401733,
        0.8512243032455444,
        0.06856593489646912,
        1.0
      ]
    },
    {
      "anchor": "",
      "length": 0.0,
      "name": "Ring Intermediate.L",
      "transform": [
        0.10981196165084839,
        -0.41767746210098267,
        -0.9019346237182617,
        0.0,
        0.19708208739757538,
        -0.8802556991577148,
        0.4316331446170807,
        0.0,
        -0.974217414855957,
        -0.22515425086021423,
        -0.014345832169055939,
        0.0,
        0.4942511320114136,
        0.8271828293800354,
        0.08004788309335709,
        1.0
      ]
    },
    {
      "anchor": "",
      "length": 0.0,
      "name": "Ring Distal.L",
      "transform": [
        0.11600571870803833,
        -0.41170060634613037,
        -0.9039051532745361,
        0.0,
        0.22161884605884552,
        -0.8763776421546936,
        0.4276047945022583,
        0.0,
        -0.9682081341743469,
        -0.2499275803565979,
        -0.01042418833822012,
        0.0,
        0.4986966848373413,
        0.807327389717102,
        0.08978399634361267,
        1.0
      ]
    },
    {
      "anchor": "",
      "length": 0.0,
      "name": "Ring Distal.L.001",
      "transform": [
        -0.20873571932315826,
        0.3819997310638428,
        0.9002802968025208,
        0.0,
        0.23148362338542938,
        -0.8751001954078674,
        0.4249863922595978,
        0.0,
        0.9501808285713196,
        0.29711058735847473,
        0.09423800557851791,
        0.0,
        0.5034469366073608,
        0.7885422110557556,
        0.09894973784685135,
        1.0
      ]
    },
    {
      "anchor": "",
      "length": 0.0,
      "name": "Ring Distal.L.001_end",
      "transform": [
        -0.20873571932315826,
        0.3819997310638428,
        0.9002802968025208,
        0.0,
        0.23148362338542938,
        -0.8751001954078674,
        0.4249863922595978,
        0.0,
        0.9501808285713196,
        0.29711058735847473,
        0.09423800557851791,
        0.0,
        0.5084102153778076,
        0.7697790265083313,
        0.10806193947792053,
        1.0
      ]
    },
    {
      "anchor": "",
      "length": 0.0,
      "name": "Little Proximal.L",
      "transform": [
        0.2777669429779053,
        -0.43898332118988037,
        -0.8544815182685852,
        0.0,
        0.20556578040122986,
        -0.8417189717292786,
        0.49925026297569275,
        0.0,
        -0.9383963346481323,
        -0.3143279254436493,
        -0.14356182515621185,
        0.0,
        0.48338618874549866,
        0.8563461303710938,
        0.04351964592933655,
        1.0
      ]
    },
    {
      "anchor": "",
      "length": 0.0,
      "name": "Little Intermediate.L",
      "transform": [
        0.32210278511047363,
        -0.43088382482528687,
        -0.8429640531539917,
        0.0,
        0.21188010275363922,
        -0.835020899772644,
        0.5077848434448242,
        0.0,
        -0.9226895570755005,
        -0.34216684103012085,
        -0.1776670217514038,
        0.0,
        0.48741084337234497,
        0.8398666977882385,
        0.05329415202140808,
        1.0
      ]
    },
    {
      "anchor": "",
      "length": 0.0,
      "name": "Little Distal.L",
      "transform": [
        0.34257039427757263,
        -0.44393694400787354,
        -0.8279885649681091,
        0.0,
        0.20289355516433716,
        -0.825558602809906,
        0.5265791416168213,
        0.0,
        -0.9173218011856079,
        -0.34838464856147766,
        -0.19274021685123444,
        0.0,
        0.49089184403419495,
        0.8261480927467346,
        0.061636582016944885,
        1.0
      ]
    },
    {
      "anchor": "",
      "length": 0.0,
      "name": "Little Distal.L.001",
      "transform": [
        -0.3391963243484497,
        0.41189417243003845,
        0.8457473516464233,
        0.0,
        0.22705458104610443,
        -0.836618959903717,
        0.498511403799057,
        0.0,
        0.9129027724266052,
        0.3611246347427368,
        0.1902557909488678,
        0.0,
        0.4940662384033203,
        0.8132318258285522,
        0.06987518817186356,
        1.0
      ]
    },
    {
      "anchor": "",
      "length": 0.0,
      "name": "Little Distal.L.001_end",
      "transform": [
        -0.3391963243484497,
        0.41189417243003845,
        0.8457473516464233,
        0.0,
        0.22705458104610443,
        -0.836618959903717,
        0.498511403799057,
        0.0,
        0.9129027724266052,
        0.3611246347427368,
        0.1902557909488678,
        0.0,
        0.49762094020843506,
        0.8001339435577393,
        0.07767974585294724,
        1.0
      ]
    },
    {
      "anchor": "",
      "length": 0.0,
      "name": "shoulder.R",
      "transform": [
        -0.41113582253456116,
        -0.011460654437541962,
        0.9115018248558044,
        0.0,
        -0.8832295536994934,
        -0.24239984154701233,
        -0.4014313817024231,
        0.0,
        0.2255486398935318,
        -0.9701086282730103,
        0.08953691273927689,
        0.0,
        -0.07299232482910156,
        1.3621909618377686,
        -0.04840589314699173,
        1.0
      ]
    },
    {
      "anchor": "Marker_R0",
      "length": 0.0,
      "name": "upper_arm.R",
      "transform": [
        -0.03268679976463318,
        0.06240314990282059,
        0.9975153803825378,
        0.0,
        -0.5928524732589722,
        -0.804716944694519,
        0.030915316194295883,
        0.0,
        0.8046469688415527,
        -0.5903693437576294,
        0.06329948455095291,
        0.0,
        -0.16055256128311157,
        1.3381601572036743,
        -0.08820237964391708,
        1.0
      ]
    },
    {
      "anchor": "Marker_R3",
      "length": 0.0,
      "name": "lower_arm.R",
      "transform": [
        0.43501412868499756,
        0.30804285407066345,
        0.8460919857025146,
        0.0,
        -0.5258267521858215,
        -0.675878643989563,
        0.5164236426353455,
        0.0,
        0.7309364080429077,
        -0.669549822807312,
        -0.13203969597816467,
        0.0,
        -0.33545875549316406,
        1.1007485389709473,
        -0.07908158749341965,
        1.0
      ]
    },
    {
      "anchor": "Marker_R6",
      "length": 0.0,
      "name": "hand.R",
      "transform": [
        0.31316617131233215,
        0.3802218735218048,
        0.870262861251831,
        0.0,
        -0.28297504782676697,
        -0.8373751044273376,
        0.46768251061439514,
        0.0,
        0.9065600633621216,
        -0.39272552728652954,
        -0.15464438498020172,
        0.0,
        -0.4634474515914917,
        0.9362366795539856,
        0.046618230640888214,
        1.0
      ]
    },
    {
      "anchor": "",
      "length": 0.0,
      "name": "Index Proximal.R",
      "transform": [
        0.2524086833000183,
        0.46189895272254944,
        0.850257933139801,
        0.0,
        -0.03560170531272888,
        -0.8736816644668579,
        0.48519274592399597,
        0.0,
        0.9669650197029114,
        -0.15273793041706085,
        -0.20408055186271667,
        0.0,
        -0.48733559250831604,
        0.8711888790130615,
        0.10737687349319458,
        1.0
      ]
    },
    {
      "anchor": "",
      "length": 0.0,
      "name": "Index Intermediate.R",
      "transform": [
        0.2382652312517166,
        0.37312278151512146,
        0.896665096282959,
        0.0,
        0.07690294086933136,
        -0.9276040196418762,
        0.3655623197555542,
        0.0,
        0.9681499600410461,
        -0.018145009875297546,
        -0.24971017241477966,
        0.0,
        -0.48819032311439514,
        0.8502118587493896,
        0.1190263107419014,
        1.0
      ]
    },
    {
      "anchor": "",
      "length": 0.0,
      "name": "Index Distal.R",
      "transform": [
        0.16895630955696106,
        0.2806791067123413,
        0.9448134899139404,
        0.0,
        0.056721724569797516,
        -0.9597750306129456,
        0.2749805748462677,
        0.0,
        0.9839894771575928,
        0.0071313586086034775,
        -0.17808064818382263,
        0.0,
        -0.4863791763782501,
        0.8283662796020508,
        0.12763553857803345,
        1.0
      ]
    },
    {
      "anchor": "",
      "length": 0.0,
      "name": "Index Distal.R.001",
      "transform": [
        -0.13064059615135193,
        -0.24498510360717773,
        -0.9606847167015076,
        0.0,
        0.2673446536064148,
        -0.9417992830276489,
        0.20381376147270203,
        0.0,
        -0.9547034502029419,
        -0.23020735383033752,
        0.1885327398777008,
        0.0,
        -0.4848095774650574,
        0.8018076419830322,
        0.1352447271347046,
        1.0
      ]
    },
    {
      "anchor": "",
      "length": 0.0,
      "name": "Index Distal.R.001_end",
      "transform": [
        -0.13064059615135193,
        -0.24498510360717773,
        -0.9606847167015076,
        0.0,
        0.2673446536064148,
        -0.9417992830276489,
        0.20381376147270203,
        0.0,
        -0.9547034502029419,
        -0.23020735383033752,
        0.1885327398777008,
        0.0,
        -0.4775908887386322,
        0.7763777375221252,
        0.14074797928333282,
        1.0
      ]
    },
    {
      "anchor": "",
      "length": 0.0,
      "name": "Thumb Proximal.R",
      "transform": [
        0.7354444861412048,
        -0.5890964269638062,
        -0.3347926139831543,
        0.0,
        0.21626384556293488,
        -0.264178067445755,
        0.9399145245552063,
        0.0,
        -0.6421450972557068,
        -0.7636584639549255,
        -0.06688818335533142,
        0.0,
        -0.45493221282958984,
        0.9160619974136353,
        0.0847049355506897,
        1.0
      ]
    },
    {
      "anchor": "",
      "length": 0.0,
      "name": "Thumb Intermediate.R",
      "transform": [
        0.13977327942848206,
        -0.43541136384010315,
        -0.8893139362335205,
        0.0,
        0.5200742483139038,
        -0.7319914102554321,
        0.4401257038116455,
        0.0,
        -0.8426060676574707,
        -0.5240269899368286,
        0.12413340061903,
        0.0,
        -0.44846904277801514,
        0.9081666469573975,
        0.11279547214508057,
        1.0
      ]
    },
    {
      "anchor": "",
      "length": 0.0,
      "name": "Thumb Distal.R",
      "transform": [
        0.3808455169200897,
        -0.8656614422798157,
        -0.324939489364624,
        0.0,
        0.061862245202064514,
        -0.3267810046672821,
        0.9430726766586304,
        0.0,
        -0.9225662350654602,
        -0.3792663812637329,
        -0.0709015280008316,
        0.0,
        -0.435621052980423,
        0.8900835514068604,
        0.12366845458745956,
        1.0
      ]
    },
    {
      "anchor": "",
      "length": 0.0,
      "name": "Thumb Distal.R.001",
      "transform": [
        -0.9068400859832764,
        -0.38594064116477966,
        0.1693791151046753,
        0.0,
        0.2919151186943054,
        -0.2852546274662018,
        0.9129153490066528,
        0.0,
        -0.3040153980255127,
        0.8773131370544434,
        0.37134239077568054,
        0.0,
        -0.43356502056121826,
        0.8792229294776917,
        0.15501165390014648,
        1.0
      ]
    },
    {
      "anchor": "",
      "length": 0.0,
      "name": "Thumb Distal.R.001_end",
      "transform": [
        -0.9068400859832764,
        -0.38594064116477966,
        0.1693791151046753,
        0.0,
        0.2919151186943054,
        -0.2852546274662018,
        0.9129153490066528,
        0.0,
        -0.3040153980255127,
        0.8773131370544434,
        0.37134239077568054,
        0.0,
        -0.4266856014728546,
        0.872500479221344,
        0.17652586102485657,
        1.0
      ]
    },
    {
      "anchor": "",
      "length": 0.0,
      "name": "Middle Proximal.R",
      "transform": [
        0.10140834748744965,
        0.35861754417419434,
        0.9279594421386719,
        0.0,
        -0.25469738245010376,
        -0.892321765422821,
        0.3726787865161896,
        0.0,
        0.9616883397102356,
        -0.27414214611053467,
        0.0008500069379806519,
        0.0,
        -0.4913743734359741,
        0.8570760488510132,
        0.0863637924194336,
        1.0
      ]
    },
    {
      "anchor": "",
      "length": 0.0,
      "name": "Middle Intermediate.R",
      "transform": [
        0.12691691517829895,
        0.3726520240306854,
        0.9192506074905396,
        0.0,
        -0.21039824187755585,
        -0.8955426216125488,
        0.39208999276161194,
        0.0,
        0.9693417549133301,
        -0.2431720495223999,
        -0.03525426983833313,
        0.0,
        -0.499896764755249,
        0.827218234539032,
        0.09883394092321396,
        1.0
      ]
    },
    {
      "anchor": "",
      "length": 0.0,
      "name": "Middle Distal.R",
      "transform": [
        0.07568886131048203,
        0.3669434189796448,
        0.9271586537361145,
        0.0,
        -0.23025114834308624,
        -0.8982644081115723,
        0.3743045926094055,
        0.0,
        0.9701825976371765,
        -0.24181045591831207,
        0.01650046929717064,
        0.0,
        -0.5054361820220947,
        0.8036400675773621,
        0.1091570258140564,
        1.0
      ]
    },
    {
      "anchor": "",
      "length": 0.0,
      "name": "Middle Distal.R.001",
      "transform": [
        -0.12878212332725525,
        -0.35217368602752686,
        -0.9270320534706116,
        0.0,
        -0.2505517303943634,
        -0.8929319977760315,
        0.37402576208114624,
        0.0,
        -0.9594987630844116,
        0.2804376780986786,
        0.026756078004837036,
        0.0,
        -0.510790228843689,
        0.7827526926994324,
        0.11786078661680222,
        1.0
      ]
    },
    {
      "anchor": "",
      "length": 0.0,
      "name": "Middle Distal.R.001_end",
      "transform": [
        -0.12878212332725525,
        -0.35217368602752686,
        -0.9270320534706116,
        0.0,
        -0.2505517303943634,
        -0.8929319977760315,
        0.37402576208114624,
        0.0,
        -0.9594987630844116,
        0.2804376780986786,
        0.026756078004837036,
        0.0,
        -0.516619861125946,
        0.7619766592979431,
        0.12656331062316895,
        1.0
      ]
    },
    {
      "anchor": "",
      "length": 0.0,
      "name": "Ring Proximal.R",
      "transform": [
        0.1315508931875229,
        0.4006401002407074,
        0.9067420959472656,
        0.0,
        -0.21700559556484222,
        -0.8808669447898865,
        0.42069077491760254,
        0.0,
        0.9672651290893555,
        -0.2521108388900757,
        -0.028937742114067078,
        0.0,
        -0.4883284568786621,
        0.8512241244316101,
        0.06856594234704971,
        1.0
      ]
    },
    {
      "anchor": "",
      "length": 0.0,
      "name": "Ring Intermediate.R",
      "transform": [
        0.10981199145317078,
        0.41767725348472595,
        0.9019345641136169,
        0.0,
        -0.19708213210105896,
        -0.8802556395530701,
        0.4316331446170807,
        0.0,
        0.9742170572280884,
        -0.22515423595905304,
        -0.014345957897603512,
        0.0,
        -0.4942512512207031,
        0.8271826505661011,
        0.08004780858755112,
        1.0
      ]
    },
    {
      "anchor": "",
      "length": 0.0,
      "name": "Ring Distal.R",
      "transform": [
        0.11600574105978012,
        0.41170036792755127,
        0.9039050936698914,
        0.0,
        -0.22161883115768433,
        -0.8763775825500488,
        0.4276047646999359,
        0.0,
        0.9682079553604126,
        -0.2499275505542755,
        -0.01042434386909008,
        0.0,
        -0.49869680404663086,
        0.8073270916938782,
        0.08978405594825745,
        1.0
      ]
    },
    {
      "anchor": "",
      "length": 0.0,
      "name": "Ring Distal.R.001",
      "transform": [
        -0.20873568952083588,
        -0.3819994032382965,
        -0.9002801775932312,
        0.0,
        -0.23148363828659058,
        -0.8751001358032227,
        0.4249863028526306,
        0.0,
        -0.9501807689666748,
        0.29711055755615234,
        0.09423816949129105,
        0.0,
        -0.5034472346305847,
        0.7885419726371765,
        0.09894976019859314,
        1.0
      ]
    },
    {
      "anchor": "",
      "length": 0.0,
      "name": "Ring Distal.R.001_end",
      "transform": [
        -0.20873568952083588,
        -0.3819994032382965,
        -0.9002801775932312,
        0.0,
        -0.23148363828659058,
        -0.8751001358032227,
        0.4249863028526306,
        0.0,
        -0.9501807689666748,
        0.29711055755615234,
        0.09423816949129105,
        0.0,
        -0.5084105134010315,
        0.7697787880897522,
        0.10806196182966232,
        1.0
      ]
    },
    {
      "anchor": "",
      "length": 0.0,
      "name": "Little Proximal.R",
      "transform": [
        0.2777669429779053,
        0.4389832317829132,
        0.8544812202453613,
        0.0,
        -0.20556572079658508,
        -0.841718852519989,
        0.49925026297569275,
        0.0,
        0.9383960366249084,
        -0.31432777643203735,
        -0.14356189966201782,
        0.0,
        -0.4833863079547882,
        0.8563460111618042,
        0.04351966455578804,
        1.0
      ]
    },
    {
      "anchor": "",
      "length": 0.0,
      "name": "Little Intermediate.R",
      "transform": [
        0.32210275530815125,
        0.43088364601135254,
        0.8429638147354126,
        0.0,
        -0.2118801325559616,
        -0.8350209593772888,
        0.5077848434448242,
        0.0,
        0.9226892590522766,
        -0.3421667218208313,
        -0.1776670515537262,
        0.0,
        -0.48741090297698975,
        0.8398665189743042,
        0.05329412966966629,
        1.0
      ]
    },
    {
      "anchor": "",
      "length": 0.0,
      "name": "Little Distal.R",
      "transform": [
        0.34257033467292786,
        0.44393667578697205,
        0.8279883861541748,
        0.0,
        -0.20289362967014313,
        -0.8255587816238403,
        0.5265790820121765,
        0.0,
        0.9173216223716736,
        -0.3483845591545105,
        -0.19274024665355682,
        0.0,
        -0.49089184403419495,
        0.8261479735374451,
        0.0616365484893322,
        1.0
      ]
    },
    {
      "anchor": "",
      "length": 0.0,
      "name": "Little Distal.R.001",
      "transform": [
        -0.33919620513916016,
        -0.4118938148021698,
        -0.8457470536231995,
        0.0,
        -0.22705461084842682,
        -0.836618959903717,
        0.49851128458976746,
        0.0,
        -0.9129025936126709,
        0.36112454533576965,
        0.190255805850029,
        0.0,
        -0.4940662086009979,
        0.8132317662239075,
        0.06987511366605759,
        1.0
      ]
    },
    {
      "anchor": "",
      "length": 0.0,
      "name": "Little Distal.R.001_end",
      "transform": [
        -0.33919620513916016,
        -0.4118938148021698,
        -0.8457470536231995,
        0.0,
        -0.22705461084842682,
        -0.836618959903717,
        0.49851128458976746,
        0.0,
        -0.9129025936126709,
        0.36112454533576965,
        0.190255805850029,
        0.0,
        -0.49762091040611267,
        0.8001338839530945,
        0.07767966389656067,
        1.0
      ]
    },
    {
      "anchor": "Marker_L9",
      "length": 0.0,
      "name": "upper_leg.L",
      "transform": [
        0.9993945360183716,
        0.03121241182088852,
        -0.014653830789029598,
        0.0,
        0.030680028721690178,
        -0.9989067316055298,
        -0.035269223153591156,
        0.0,
        -0.015738699585199356,
        0.03479841351509094,
        -0.9992629885673523,
        0.0,
        0.11639730632305145,
        0.8470452427864075,
        -0.013641821220517159,
        1.0
      ]
    },
    {
      "anchor": "Marker_L11",
      "length": 0.0,
      "name": "lower_leg.L",
      "transform": [
        0.9938628673553467,
        0.11007564514875412,
        -0.009907744824886322,
        0.0,
        0.10841453075408936,
        -0.9884287118911743,
        -0.10608541965484619,
        0.0,
        -0.021470604464411736,
        0.1043616384267807,
        -0.9943000078201294,
        0.0,
        0.12720532715320587,
        0.4951491951942444,
        -0.026066504418849945,
        1.0
      ]
    },
    {
      "anchor": "Marker_L14",
      "length": 0.0,
      "name": "foot.L",
      "transform": [
        0.9782881736755371,
        0.20682969689369202,
        0.012332204729318619,
        0.0,
        0.07971441000699997,
        -0.4306514263153076,
        0.8989836573600769,
        0.0,
        0.19124740362167358,
        -0.8784984946250916,
        -0.4377906322479248,
        0.0,
        0.17354464530944824,
        0.07266780734062195,
        -0.07141031324863434,
        1.0
      ]
    },
    {
      "anchor": "",
      "length": 0.0,
      "name": "toe.L",
      "transform": [
        -0.997821569442749,
        -0.02499452233314514,
        0.06086978316307068,
        0.0,
        0.06446444988250732,
        -0.1857811063528061,
        0.9804666638374329,
        0.0,
        -0.013198420405387878,
        0.9822725653648376,
        0.18698881566524506,
        0.0,
        0.1810772567987442,
        0.025036167353391647,
        0.037888288497924805,
        1.0
      ]
    },
    {
      "anchor": "",
      "length": 0.0,
      "name": "toe.L_end",
      "transform": [
        -0.997821569442749,
        -0.02499452233314514,
        0.06086978316307068,
        0.0,
        0.06446444988250732,
        -0.1857811063528061,
        0.9804666638374329,
        0.0,
        -0.013198420405387878,
        0.9822725653648376,
        0.18698881566524506,
        0.0,
        0.1855248361825943,
        0.01221860945224762,
        0.1055334210395813,
        1.0
      ]
    },
    {
      "anchor": "Marker_R9",
      "length": 0.0,
      "name": "upper_leg.R",
      "transform": [
        0.9993945360183716,
        -0.031212402507662773,
        0.014653822407126427,
        0.0,
        -0.030680019408464432,
        -0.9989067316055298,
        -0.035269223153591156,
        0.0,
        0.01573869213461876,
        0.03479841351509094,
        -0.9992629885673523,
        0.0,
        -0.11639729887247086,
        0.8470452427864075,
        -0.013641820289194584,
        1.0
      ]
    },
    {
      "anchor": "Marker_R11",
      "length": 0.0,
      "name": "lower_leg.R",
      "transform": [
        0.9938628673553467,
        -0.11007563024759293,
        0.009907737374305725,
        0.0,
        -0.10841450840234756,
        -0.9884286522865295,
        -0.10608543455600739,
        0.0,
        0.02147059701383114,
        0.1043616458773613,
        -0.9942999482154846,
        0.0,
        -0.1272052824497223,
        0.4951491951942444,
        -0.026066500693559647,
        1.0
      ]
    },
    {
      "anchor": "Marker_R14",
      "length": 0.0,
      "name": "foot.R",
      "transform": [
        0.9782882332801819,
        -0.2068297117948532,
        -0.012332207523286343,
        0.0,
        -0.07971440255641937,
        -0.4306514263153076,
        0.8989836573600769,
        0.0,
        -0.19124740362167358,
        -0.8784985542297363,
        -0.4377906620502472,
        0.0,
        -0.17354457080364227,
        0.07266780734062195,
        -0.07141029834747314,
        1.0
      ]
    },
    {
      "anchor": "",
      "length": 0.0,
      "name": "toe.R",
      "transform": [
        -0.9978216290473938,
        0.02499452233314514,
        -0.06086978688836098,
        0.0,
        -0.06446444988250732,
        -0.18578112125396729,
        0.9804666638374329,
        0.0,
        0.013198405504226685,
        0.9822726845741272,
        0.18698887526988983,
        0.0,
        -0.18107716739177704,
        0.025036156177520752,
        0.037888303399086,
        1.0
      ]
    },
    {
      "anchor": "",
      "length": 0.0,
      "name": "toe.R_end",
      "transform": [
        -0.9978216290473938,
        0.02499452233314514,
        -0.06086978688836098,
        0.0,
        -0.06446444988250732,
        -0.18578112125396729,
        0.9804666638374329,
        0.0,
        0.013198405504226685,
        0.9822726845741272,
        0.18698887526988983,
        0.0,
        -0.18552474677562714,
        0.01221859734505415,
        0.10553343594074249,
        1.0
      ]
    }
  ],
  "objects": [
    {
      "name": "BaseMeshBKP",
      "position": [
        1.2471803589875208e-09,
        0.0,
        0.0
      ],
      "weights": {}
    },
    {
      "name": "Marker_B1",
